,0,1,2,target
0,2.636478255445318,2.2146949952675543,-0.9714074017547004,1.0
1,3.0128621137156975,2.0186991509980747,-0.13291956477642503,1.0
2,3.0559493746024646,1.8880181707754715,-1.6606914119512275,1.0
3,3.007896554313903,1.7450085772501114,-0.5225724996239902,1.0
4,3.038461979805211,1.978890620305866,-1.7658656127085084,1.0
5,2.9205292798921034,1.8377982581322643,-1.6169501061107119,1.0
6,2.8931466814432043,2.0431646832638832,-0.7486146100799496,1.0
7,2.733639469255893,1.78032336912345,-0.8257345098796106,1.0
8,2.924901599150116,2.419818578577044,-1.1925789607217592,1.0
9,2.898863671220315,2.224381336558084,-1.3356313300215272,1.0
10,-4.740679207936019,2.6286048848736394,-0.041306480762151244,1.0
11,-4.201222432381208,3.0538227957971076,-0.14071867006080424,1.0
12,-5.151044852301501,2.6362503474949843,1.4373315168818261,1.0
13,-4.858550508488086,2.830622050428062,0.868942996752223,1.0
14,-4.710766087173148,3.4825284963052066,0.8916009752382992,1.0
15,-5.011986176810917,2.3959634268772767,1.5666544851300164,1.0
16,-4.630894921436645,3.3470769789097354,-0.05180861029352286,1.0
17,-4.316214656368089,3.452643872714799,-0.6797222044551771,1.0
18,-4.348849227058867,2.6521668661274838,0.00635931434881456,1.0
19,-4.470851940757109,2.7531925749829855,0.5948664367865633,1.0
20,-6.867937384140724,0.889974502193126,3.363315856683602,1.0
21,-7.455356376588799,1.2082931170369573,4.635606398719546,1.0
22,-6.470550945244419,1.5596358021433776,3.0460024438629754,1.0
23,-6.754688013983887,1.311167977362626,3.5348368157686942,1.0
24,-6.606950569649914,1.7413155911085998,3.1901878025215713,1.0
25,-6.809095599868012,1.8709685064271404,3.762181688343026,1.0
26,-6.083465234467457,1.7087962258634188,3.330120828463287,1.0
27,-5.438644049665863,2.6791133836837004,1.9598505126234604,1.0
28,-5.782800361991259,2.4108895594307547,2.407593351918052,1.0
29,-5.866654529628548,1.914215827316152,2.0475091740826015,1.0
30,-7.282630812216262,5.533677586294048,5.994346842453103,0.0
31,-7.235905208246511,5.324265279363719,5.391691496977153,0.0
32,-7.495598772577171,5.718069442536978,6.094982191260979,0.0
33,-7.263349536269243,5.40011800796998,5.3353195598314525,0.0
34,-7.285120572102987,5.411512096762037,5.319522505459398,0.0
35,-7.169583503513485,5.369781885403322,5.117036058980481,0.0
36,-7.150662060200824,5.090925380766802,5.128173474724346,0.0
37,-7.168549709583974,5.33407288511034,5.205426564625473,0.0
38,-7.200590883514829,5.547825615941191,5.250677493830343,0.0
39,-7.331009428348981,5.485836014723394,5.483048097620526,0.0
40,-0.31217739843090114,-1.5392126306839813,0.5186627056981864,1.0
41,-0.19235235687713279,-1.4669251118711526,-0.0018037477564052222,1.0
42,0.34806042199705345,-1.335749661526014,-0.9388148909642103,1.0
43,0.36170788515696134,0.05170424387377601,-0.6965971824304803,1.0
44,0.4073204582418653,-0.23252551522316287,-1.110124246353518,1.0
45,-0.4018822544289665,-2.1145861480917505,0.44410526469624767,1.0
46,0.007005709766932844,-0.6138033200401394,-0.3212204169899373,1.0
47,0.07881178833468946,-0.6256593217598713,-0.508048202102851,1.0
48,-0.08388119579058997,-0.5611201860741996,-0.0604922653708055,1.0
49,0.08328603333794023,-0.7550940969587594,-0.28754833521211937,1.0
50,0.17881813106616976,-1.2202245787681059,-0.8398878793946847,1.0
51,7.292620759671186,0.7251451765061164,0.3900480045717719,1.0
52,8.499107698352748,-0.16589298578836523,2.2847849898860138,1.0
53,7.58630363559684,0.31747242998360053,2.0380553057211963,1.0
54,7.457348343596164,1.1531864057764072,0.8195423969956275,1.0
55,7.0614669432724995,1.034368029605867,-0.46564832817419927,1.0
56,7.4824690141967425,0.9892140922179179,0.5259331350251776,1.0
57,7.253231404674056,1.6371405246629476,-0.20257070951387451,1.0
58,7.159470143833324,1.5380556573138167,0.021949751794918825,1.0
59,7.206021398002728,1.0201926832485464,1.0990342979880434,1.0
60,7.257037610326768,1.4801508375150256,0.4109479365878248,1.0
61,-0.899868815716332,-1.0907069091019816,-0.7281339471281775,0.0
62,-0.8729871812433844,-0.9792768158177517,-0.9056710988759787,0.0
63,-0.755030166647263,-1.7192221198074211,-1.3554460154082788,0.0
64,-1.2249545884306954,-0.8448939618620174,-0.8599207008688805,0.0
65,-0.9638809692652406,-0.7103709473953598,-1.3452187277219798,0.0
66,-1.0401032795738894,-0.8809318273970452,-1.1862095040809266,0.0
67,-1.116085105619585,-0.9727226256599277,-1.2226430818314795,0.0
68,-1.1246087595217409,-1.1805388621745603,-0.7570244719745195,0.0
69,-1.436912902065992,-1.252551698029259,-0.6043759144252723,0.0
70,0.2689102143083366,-2.6032694898001147,-1.4444508388949355,1.0
71,0.047303756243001704,-2.292174183164347,-1.2285197045186738,1.0
72,0.13249969851566187,-2.2089799660045637,-1.2093898058055175,1.0
73,0.3674249954776212,-2.546752387710419,-1.6449729594978717,1.0
74,0.11274328140952317,-2.1237898067436336,-1.0571576008791888,1.0
75,1.2722008021264282,-2.5551178759310984,-1.2076907709505107,1.0
76,-0.06039117936756006,-2.1967295754020877,-0.9021504108519374,1.0
77,0.1646500681681308,-2.2984020736451627,-1.0343661705876386,1.0
78,0.010735697096245868,-2.202763889423899,-1.1987229581221064,1.0
79,0.07327220240678965,-2.297534600748366,-1.1172081939961556,1.0
80,0.04591510869731576,-2.1118280772260256,-1.0550604493798177,1.0
81,-0.012428377031505858,-2.222234558631769,-1.5425623336368413,1.0
82,1.1874114493725805,-0.4626277278110578,-0.26557119774633653,1.0
83,1.289636414250065,-0.3454116469013844,-0.8800359874233478,1.0
84,1.0096652995321973,-0.24138146950713896,-0.22863496981974576,1.0
85,0.8614122518645493,-1.209667871449644,0.3910125666316577,1.0
86,0.9126667430333996,-0.4079314312641206,0.2476751583307686,1.0
87,1.206240684121595,-0.08137115857386616,-0.9242074824307489,1.0
88,1.0895439797834672,0.11156815617098242,0.01841038919298423,1.0
89,1.3982755209824367,-0.5534344417340288,-1.0780784152006595,1.0
90,1.26035945963643,0.21479483958658876,-0.718736875939042,1.0
91,1.2529680326658938,-0.05726994662515599,-0.4206911205087179,1.0
92,4.329018472808528,0.07324954048655664,-0.07996310418759316,1.0
93,4.176148033853394,0.21323080587370066,0.24443074585332442,1.0
94,4.501231944174324,-0.5545620828694684,0.1319520134513789,1.0
95,4.408382820478571,0.6626935121472783,-0.48626694616023214,1.0
96,4.405489445649128,0.5042021731778533,0.18259949081529708,1.0
97,4.454467520462668,0.5671169251281666,0.2594795049066275,1.0
98,4.388086917964235,0.14122646520229287,0.23023486674853477,1.0
99,4.2254390703121905,0.21053855858482193,0.3987566683990705,1.0
100,4.394106385385097,0.0015010926149967073,0.5274265366673613,1.0
101,4.13122968376868,0.038418731015891674,0.24097958151324045,1.0
102,5.947670935157784,2.52366066035602,0.5803601766987143,1.0
103,6.03685962165636,2.574027354726748,0.3615180038366459,1.0
104,5.76472050446684,2.511695571152737,0.4552148139421138,1.0
105,5.817548800541374,2.842923578079324,0.9818634651204736,1.0
106,5.909148639280104,2.625497087030304,0.2908797258177795,1.0
107,5.767125754667214,2.5537791963239487,0.3927833891612043,1.0
108,5.796984869402619,2.96994899425306,0.4588050200740685,1.0
109,5.811588078200128,2.7263065316705397,0.4693613347700697,1.0
110,5.748966482002802,2.638470725417921,0.6895044964915478,1.0
111,5.7963781824157525,2.6042526804452604,-0.03410517734812562,1.0
112,-5.0636154690710615,2.381356208845757,0.6427046673860978,0.0
113,-5.983257795620824,2.3912978135770446,1.6800939643863837,0.0
114,-6.673408723016779,2.0736789491257714,2.2231862635005606,0.0
115,-5.753234077325069,1.9979398702214255,1.722176926015363,0.0
116,-5.9188325558422665,1.216582995737223,1.8286110404758436,0.0
117,-6.073788850423994,1.014880480726641,2.334422796943718,0.0
118,-5.9808215365892226,0.7704501534859426,1.596628026662474,0.0
119,-6.817772929302134,2.463234649152615,2.9499237483035268,0.0
120,-6.34587633145641,2.768077380600776,2.1089867250880876,0.0
121,-6.392575898497861,3.1779976489020267,2.0024298522552777,0.0
122,0.718250785714272,-1.360506161940253,-0.5299478485634389,0.0
123,0.8323072799591521,-0.6112702611332552,-0.2708156327920508,0.0
124,0.7699655710425174,-0.4928822854407091,-0.37946081065410103,0.0
125,0.7676057425536911,-0.9473412507910052,-0.12329923445461746,0.0
126,0.716918682514147,-2.11154633387128,0.16805971372314493,0.0
127,0.7675221566259642,-0.3078863287707819,-0.4212976046671054,0.0
128,0.9969488273458442,-0.3049306375780633,-0.809667542551705,0.0
129,1.0081050701024028,-0.5308212929871878,-0.2633461765826186,0.0
130,0.9748523670735958,0.11542885358396035,-0.8836810545242237,0.0
131,1.055481486924884,-0.25066034235066514,-0.9586195561903871,0.0
132,1.5047255350315503,0.08871110266646111,-0.8522702290477896,0.0
133,-5.713460860120462,4.116388538562402,1.578634353005239,0.0
134,-6.394841998067685,3.852743252477561,2.0587613994988194,0.0
135,-6.614470854877791,4.3781183434769195,2.774365845551589,0.0
136,-5.889546667222195,4.039843550301965,2.719520733811656,0.0
137,3.655930786104457,-1.0799434784071476,0.9724749060647974,0.0
138,3.7631339741501617,-1.8156042123508414,0.5394525884711028,0.0
139,3.7267313707512333,-0.22395335040074194,-0.5732773605083308,0.0
140,3.6267948226028737,-0.24907684190692855,-0.571328448247129,0.0
141,3.773794020318962,-0.23404161587784783,-0.5514725665560762,0.0
142,3.7921155229585977,-0.49470545124033916,-0.48443939798491287,0.0
143,3.7692184343358446,-1.1842809249679873,0.5944086415777472,0.0
144,3.8490674775885156,-1.2716541015301033,0.944263297120081,0.0
145,3.7351154369280595,-0.20892106677903474,-0.37285651447043655,0.0
146,3.942750364894477,-0.5601816031906778,-0.9048212123854475,0.0
147,4.7233263518296065,0.8696437967995351,-0.4043720207511318,1.0
148,4.609184559796948,0.9479808670339963,-0.6302620294344351,1.0
149,4.636584227203992,1.1505392801338565,-1.170915311653977,1.0
150,4.968285237458155,0.6872076620309013,-1.1353946615291015,1.0
151,4.634594769253745,1.2185363281080135,-0.161340641066994,1.0
152,4.735708931756711,0.8765484231244863,-0.33747096929312664,1.0
153,4.67229960410325,0.9236366003754992,-0.531687120972393,1.0
154,4.825306233148695,1.2268746702340032,-0.30291746779768136,1.0
155,4.838506976812836,1.2706348578674898,-0.2955298974354947,1.0
156,4.76254971087109,1.0418393118854348,-0.39438153607582543,1.0
157,4.807297747089493,1.0151313933067354,-0.48436334187080093,1.0
158,-0.42446287677771016,-0.9516418354881072,-0.6388933490146065,0.0
159,-0.1994029496851623,-1.2750361209758068,0.13341497351872397,0.0
160,-0.08704547167509662,-1.3149981524501742,-1.4380944867068133,0.0
161,-0.27842221568402975,-1.3218881563070182,0.12930729937417776,0.0
162,-0.2546485686409765,-0.7862540360764174,-0.7728460523730039,0.0
163,-0.4546877718535587,-0.34418633312984037,0.2347240383458866,0.0
164,-0.2834394974449116,0.29231090777651403,-1.1253212171654492,0.0
165,-0.02347450804204273,0.6367853291813546,-0.6243189205712524,0.0
166,-0.1775572216542819,0.07876988781587492,0.025574066361150102,0.0
167,0.0007287404807637204,-0.5689944888584022,-0.6638273214108968,0.0
168,-1.0635204591031355,-0.20430275942859158,-0.37188178293269153,0.0
169,-1.4656019461417356,-0.7405351182341082,0.16561662704710076,0.0
170,-1.0964076382998538,-0.1063167887637463,-0.4299234328179716,0.0
171,-1.0496940771707266,-0.41031701759182554,-0.6493778636508482,0.0
172,-1.0567684196080713,-0.48005654181407004,-0.45516339045509335,0.0
173,-1.2968679870142021,-0.35582187834022966,-0.15646542432274543,0.0
174,-1.2319996302031442,-0.30169214591070925,-0.5853039445672424,0.0
175,-1.180404724445772,-0.610427630107836,-0.3964328902326391,0.0
176,-1.0603017841569509,-0.5938982940139909,-0.7372061490165837,0.0
177,-1.2888523995193628,-0.12552471042161228,-0.278495572963285,0.0
178,-0.44006122561762656,-1.1982275152216049,-0.5497057022745147,0.0
179,-0.765526854927028,-1.5414562829371932,-0.3458923249610939,0.0
180,-0.6373950313833564,-1.3976302883865832,-0.7488865410590803,0.0
181,-0.6314403317912142,-1.5039907803167774,-0.674156360254078,0.0
182,-0.28992148333771545,-0.8155054645878168,-1.0069842398899247,0.0
183,-0.02198056489011753,-1.2396767675705371,-1.673579645070511,0.0
184,-0.649498266032777,-1.249138517708184,-0.183950960941155,0.0
185,0.1428886463773987,-1.4594759435896965,0.661949807185601,0.0
186,0.4011973589492077,-1.0128758150619188,-0.2773391049310049,0.0
187,-0.17994299736451572,-1.3055051364706345,-0.8194420965548677,0.0
188,-4.066692794775669,-0.39003690949974124,0.7149635400547686,0.0
189,-4.422384496600042,0.09245032829568091,0.8267593358985883,0.0
190,-4.216268203703929,-0.1737250949773006,0.8277667144526505,0.0
191,-4.275732665455166,-0.1647904162788027,0.6891919800642281,0.0
192,-3.8854251901003884,0.02035187255521149,0.6942672805234481,0.0
193,-3.645151633741216,0.08082335729081615,0.10987494952428968,0.0
194,-3.66703231234704,0.42425586650944486,0.12912711243243485,0.0
195,-3.6290060791586027,0.5087531583139714,-0.11841503958327775,0.0
196,-3.643151510805937,0.22686629542618492,-0.20607062515086325,0.0
197,-3.4847257929040256,0.5193920989861632,-0.4860778574926493,0.0
198,2.7249700280472435,0.2172455678480712,-1.2047446085611064,0.0
199,2.5115419338959506,-0.26947225500645894,-0.6459428942764395,0.0
200,2.5032067323239553,-0.2231276470254529,-0.5379093379846004,0.0
201,2.7007983647455864,-0.07046519083513353,-0.9052122137940394,0.0
202,2.523846939798588,-0.7317527790046069,-0.4067767902752423,0.0
203,2.634056292318497,-0.4751473387074348,-0.18749962965779376,0.0
204,2.527174181671953,-0.29552409503198956,0.05773455270486846,0.0
205,2.7083206348730364,-0.2896581797290796,-0.2251569077488169,0.0
206,2.6280268284634154,-0.3253415159234862,-0.6287632232438661,0.0
207,-2.4133805326460678,-1.4297947389014491,1.5516851123006268,0.0
208,-1.6404668828715958,-0.4454449872979928,0.1921334431242687,0.0
209,-1.5572421381663772,-0.3598162589714988,0.36979021555039887,0.0
210,-1.485517902834371,-0.2985354181468236,0.18611785570271125,0.0
211,-1.5671490112695294,-0.831216955312759,0.14763833446070368,0.0
212,-1.693361882385545,-0.8488389097637056,0.2143536956541886,0.0
213,-1.5209611170553867,-0.9438347452190456,0.08289407875396052,0.0
214,-1.6299231181495941,-0.8947721670161924,0.09138904697583436,0.0
215,-1.5965886465695702,-0.7623861764471425,0.040380375729588434,0.0
216,-1.6257545240368367,-0.5064860824631643,-0.10292679718005891,0.0
217,5.545842161482353,-0.3399774110146423,0.04435285636286637,1.0
218,6.309964106402173,-0.8312696691183841,-0.9707193323464636,1.0
219,5.723424256857787,0.2811368802055613,-0.2888770791054666,1.0
220,5.759062962004097,-0.3230201479254643,-0.015336880072037382,1.0
221,5.690510823478569,-0.6324267274866934,-0.4642372429792086,1.0
222,5.684570772230799,-0.258170157510528,-0.4627098704887583,1.0
223,5.741125039317678,-0.07605958881877695,-0.35722365697973696,1.0
224,5.637976290242665,-0.18038747113753226,-0.2986448432078705,1.0
225,5.683481782334111,-0.13814014105996533,-0.24943151199435987,1.0
226,2.6387907896815816,-0.6928706546862231,-0.7154274035597536,1.0
227,2.6650360097209904,-1.1616864150076698,-0.02813439340837158,1.0
228,2.5150823998601752,-1.1459664050923204,-0.1409471037997948,1.0
229,2.487457937692765,-0.9303344326093519,0.6542639673554688,1.0
230,1.2341831092194835,-1.862190851474248,8.259792554458592,1.0
231,2.4488954029506997,-1.269844629372215,-0.10817241249679165,1.0
232,2.657630577636302,-1.0928134526038449,0.1361039613615254,1.0
233,2.6763991174860773,-1.1504819577763499,0.06358877580605185,1.0
234,2.6789033270796527,-1.1263418817671165,-0.10054938221694498,1.0
235,2.450143619570411,-1.4288174938395242,0.16806924548107693,1.0
236,2.640977535229805,-0.9140084895860999,-0.3245119431760337,1.0
237,4.73540401847148,2.2177750144018784,-2.0993151052146994,1.0
238,4.765510977062792,2.266427577894152,-2.169959041244195,1.0
239,4.724898996173889,2.33585726080071,-2.175254470268164,1.0
240,4.824360351744918,2.3601385721369046,-1.5548537129850486,1.0
241,4.701556911718789,2.1696824395188843,-2.3212160290452224,1.0
242,4.768936803526592,2.255402672023152,-2.460044329774685,1.0
243,4.70758091559838,2.3210681201392145,-2.558765484878019,1.0
244,4.773047311486044,2.2756318951775816,-2.0538416505792565,1.0
245,4.717532784664299,2.299783676450379,-2.124454072628132,1.0
246,4.59972321270156,2.393799232757298,-1.992171707397638,1.0
247,-0.25887517473660515,-0.8452119674225916,-1.637296753455071,0.0
248,-0.25149206661699963,-0.8514725176062177,-1.793949135108452,0.0
249,-0.17560247535970597,-0.8374231152359375,-2.1606498665170344,0.0
250,-0.18612259269406067,-0.7812663719944285,-2.073019179996278,0.0
251,-0.09911173110427962,-0.6894356911819054,-2.0662928951601662,0.0
252,-0.07001832307651827,-0.6794174753984992,-2.1247610085748665,0.0
253,-0.06285827399943633,-0.6931240382704132,-2.124424472342417,0.0
254,-0.08607324160261602,-0.7274639677442936,-2.269288659660417,0.0
255,-0.10097447254364007,-0.8413226710944965,-2.234548425003717,0.0
256,-0.13436866336297143,-0.7823681115826915,-2.4101603284674704,0.0
257,-2.3954540467241277,-0.3950793604080125,-0.4761799657376687,0.0
258,-1.7943460632847557,-0.3757509884431708,-0.5624082795343353,0.0
259,-2.06787797997386,0.1544868772785106,-1.0229823867483823,0.0
260,-1.8971895772276348,0.6276565319106103,-2.2633791758205537,0.0
261,-2.2768002724258842,-0.13037391930159212,-1.3754988103291743,0.0
262,-1.7574614829982207,-0.6361138131094406,-0.15358059324580167,0.0
263,-1.7905749616973936,-0.4740778176140866,-0.4404433268226602,0.0
264,-2.003916234411119,0.3781884688649994,-0.1696507342809659,0.0
265,-2.2238585352790903,-0.4961416200294837,-0.7686679672762428,0.0
266,-1.7830455008643744,0.13269474506572945,-3.0564308948869803,0.0
267,4.836257493676566,1.4430166170258385,0.7069309522760854,1.0
268,4.803428627583831,1.439326062236101,1.2587526771999074,1.0
269,4.91327755845608,1.4930492307624446,0.9703424557761368,1.0
270,5.049265209810382,1.698818640025036,1.1162440272107663,1.0
271,4.822215095633486,1.1092551827906905,1.6918745131934172,1.0
272,4.787951022158426,1.6440221673511015,0.7514897667408587,1.0
273,4.717059195245782,1.705334432433296,1.9444607312281785,1.0
274,5.0117445913580285,1.5501333907791546,1.319051668055117,1.0
275,4.960558408420588,1.6603802589192838,1.0348224610620531,1.0
276,-3.7229471323829086,2.45178605105551,-1.500175308789401,0.0
277,-3.598978364907223,2.4117117118348297,-1.6491765753790855,0.0
278,-4.599881633876264,1.730267688732348,1.7247467714646902,0.0
279,-4.3239373121611075,2.3475674625375,1.64432254957045,0.0
280,-3.8988338485804563,1.410315935342003,1.0353113002149545,0.0
281,-3.8540740717798028,1.3325715100890139,0.8942838103759972,0.0
282,-3.9613657840764063,2.2439288720763497,1.1583703434489458,0.0
283,-4.095230806105886,1.525926321646642,1.9612117658262496,0.0
284,-4.047028163685867,1.744364437354383,2.008395946074704,0.0
285,-4.032635711501863,1.805353019876349,1.3040287489618863,0.0
286,-2.421982452480258,-1.8616559301135718,-0.3508601952410316,0.0
287,-2.4004915840303047,-1.853455351766578,-0.18204219439272515,0.0
288,-1.8051576526919317,-0.8939128927852095,0.048557136607811434,0.0
289,-2.0692176683615857,-1.5111206468518241,0.058322747280986575,0.0
290,-2.677216475350185,-1.0059715702715273,0.46946183821089843,0.0
291,-1.9338940772424615,-0.8959120211582873,0.024831714066649833,0.0
292,-1.6759409256858768,-0.41084271797323685,-0.5390438316220497,0.0
293,-2.0574184209796162,-0.8335434067927716,-0.262751121654958,0.0
294,-1.9896100737630984,-0.8683877721107796,-0.11318140324664035,0.0
295,-1.5581680411511822,-5.793575405986052,-0.865864049145544,0.0
296,-1.3607493605402714,-5.634118130229085,-1.1999417090304467,0.0
297,-1.5312222408540355,-5.527849479819043,-0.7975816581449279,0.0
298,-0.6097611821260945,-4.149187817792973,-2.508224571585836,0.0
299,-1.39352333992689,-5.37345345441208,-1.2051771771130015,0.0
300,-1.2523861396327234,-5.609404178575118,-1.4054162637323737,0.0
301,-0.8065206754237495,-4.846649147573226,-2.0340182242010094,0.0
302,-0.8430424475191719,-4.932537421113599,-2.320093765427173,0.0
303,-0.9395678481054559,-5.4819310500746745,-1.895819370414021,0.0
304,-1.3523460617504337,-5.197011931418495,-1.4947406413067676,0.0
305,-2.421478395880899,0.21959867034449151,0.477692217426941,0.0
306,-2.243297880596423,0.0407483890983278,0.6978410207544976,0.0
307,-2.17566934042007,0.46939498946919134,-0.22233624784679284,0.0
308,-2.6646943346252194,-0.7636167577312243,0.8874442107294873,0.0
309,-2.635110433299981,-0.7253425632916711,0.9468045503413569,0.0
310,-2.031847997214006,-0.12103135967422478,-0.008811783761072755,0.0
311,-2.5776100536028075,-0.23707182044713643,0.9978880413043039,0.0
312,-3.059089113100254,-0.6846531880461025,1.7636171048692935,0.0
313,-2.815672458874578,-0.3577870310120076,1.870491876592348,0.0
314,-2.4514396449167926,0.38678384252816905,1.1905458026148639,0.0
315,-3.741240880164841,1.3060969220751313,0.26877514096523936,0.0
316,-4.193914448165381,1.838056201617358,1.1612952927176574,0.0
317,-4.044843957488078,1.7864647818614452,0.7117835094943263,0.0
318,-4.091108304766822,1.8512465770174513,0.9499570667581236,0.0
319,-4.2306078695230855,1.9159107366584294,0.9263393109929796,0.0
320,-4.339411589365898,1.861706195245764,1.9300410169956377,0.0
321,-4.275273348197384,2.0140861536797026,0.9148465216796638,0.0
322,-4.111237534563453,1.9732005430504655,0.8759989345614064,0.0
323,-4.047090208408682,1.974477639643353,0.88312941380039,0.0
324,-4.283577738396082,1.984446551457887,0.9989002541712595,0.0
325,2.5140180792745297,1.2891272170507408,-0.6723152335848203,1.0
326,2.710088844720026,1.1395459386654334,-0.0117486502489275,1.0
327,2.6462853544693874,1.9999332207380958,-0.5928495283225017,1.0
328,2.3152502177909406,2.165469481964669,-0.6917230145186961,1.0
329,2.6033410270203796,1.9260349083546846,-0.04802433299496806,1.0
330,2.2084613918775577,1.2549676945485144,-0.4993191685164123,1.0
331,2.611620355346696,2.167658279098103,-0.42720489168136205,1.0
332,2.6545570190284327,2.113802256065099,-0.37359365846640924,1.0
333,2.7901124948860576,1.4780425596079767,-0.03411342085864672,1.0
334,0.2555573193585633,-2.425025399414694,-0.783748095526654,1.0
335,0.3378376505836909,-1.7577988072751225,-1.161637797452558,1.0
336,0.6469871394568207,-1.9275112985050833,-1.2504236497896675,1.0
337,0.33243879035481344,-1.9038977052838661,-1.2610366064657856,1.0
338,0.2276847516762411,-1.9458829425334907,-0.5014692358139164,1.0
339,0.6142358288856767,-1.2662828019101848,-1.8508530117213768,1.0
340,0.5471260923404275,-1.395052645064345,-1.4963976286504865,1.0
341,0.5980910636097301,-1.0266000472072114,-1.6466441774497624,1.0
342,0.33604343577307594,-1.828219859153634,-0.6788758243941393,1.0
343,0.19542375899631168,-1.8034894383608002,-1.1905825806203916,1.0
344,-2.2724443244135593,-0.3931560799523369,-0.7588573788096068,0.0
345,-2.0262225927503983,0.04131026943053684,-0.8777376423515202,0.0
346,-2.2466925367799506,-0.835499586626481,-0.57000673835492,0.0
347,-1.6667908640268112,-0.4050598383851162,-0.852495212513934,0.0
348,-2.68738265964009,-1.4774024186783676,0.033611104251605115,0.0
349,-2.24726185792111,-2.018472689459484,-0.2276853183821969,0.0
350,-2.5119178269369984,-1.6004466848343313,0.04006747067535143,0.0
351,-2.40992161743729,-1.734298117925048,-0.22920620336827693,0.0
352,0.09650580967766438,-1.4091611759209257,-0.5831987252447904,0.0
353,0.3145845265729409,-0.8363479996899204,-0.9776984385933699,0.0
354,0.3367140731104254,-0.604346604661941,-0.3708558698353175,0.0
355,0.11888634631338839,-1.1382330274091037,-0.36785373366582963,0.0
356,0.12723323439455114,-1.1444229883433406,-0.6196178382476459,0.0
357,-0.2246558528762036,-2.476415182005311,0.5414700659830638,0.0
358,0.03212320203937782,-2.112877870866742,0.026736408280334766,0.0
359,0.19470619082431814,-1.4066746701383173,-0.7518182493018991,0.0
360,0.3177490497704283,-1.5082112333632607,-0.6035624756447195,0.0
361,-0.18068327767556416,-2.0652587094780595,0.49346142353238354,0.0
362,-0.1869591280262724,-0.5983482442957048,-1.4262246660678397,0.0
363,-0.4119616542736262,-1.0564567338895052,-0.32915505941464845,0.0
364,-0.34673539649242024,-1.2140976061136644,-0.21595623036646405,0.0
365,-0.08843006354757797,-0.620486635676328,-0.5648770310924986,0.0
366,0.020096371973931045,-0.6784728281237211,-1.0282888599918611,0.0
367,-0.08601771919844156,-0.4458203286354895,-0.8649671287014713,0.0
368,-0.45124322304561976,-1.0386209274320608,-0.5394796022554674,0.0
369,-0.41770941406329054,-1.671378176948812,-0.1534648393523229,0.0
370,0.03655300979893989,-0.46562202957651966,-1.463386116230215,0.0
371,0.1149314790004635,-0.9873901681980595,-1.479726148430682,0.0
372,-2.530801135136588,-2.056655570252127,1.8781363395534652,0.0
373,-2.358078595211155,-1.9640651702060998,1.1632160767166526,0.0
374,-1.8711953321126171,-2.01092641838334,0.9174599493586394,0.0
375,-1.325059607436407,-0.9361362073774722,-0.19967014012819312,0.0
376,-1.647979998183357,-1.4702790824398948,-0.16959383748499202,0.0
377,-1.869440812369642,-1.4713904286285147,0.3652668753724839,0.0
378,-1.4745284146991717,-1.4073470392466694,-0.010872006905518471,0.0
379,-1.5467821912457798,-1.1575375658725784,0.4921542580134336,0.0
380,-1.3193267965267295,-1.611003225202565,-0.5156438954934967,0.0
381,-1.4919610483027166,-1.3603316378999992,-0.3350558296115034,0.0
382,-2.3563189078380615,2.028357277633982,-0.7480079998233267,0.0
383,-2.364042129601213,2.4469061061078414,-1.010588340330769,0.0
384,-2.3623353331754355,1.3673554652268751,-0.4014059839963644,0.0
385,-2.5677172805407418,1.6538335175510863,-0.6385201506816373,0.0
386,-2.229329039848658,2.3907925482558654,-1.5230471776154648,0.0
387,-2.395619591365395,2.3381550354127407,-1.0353281562959722,0.0
388,-2.7778414947780052,1.7456000116191757,-0.4182423374769126,0.0
389,-2.6274526351307266,1.4844234912734116,-0.8464856127340614,0.0
390,-2.3817301801411745,2.276756956803527,-1.7069856086317627,0.0
391,-2.092663624044316,1.7533509364643336,-1.6342145661643714,0.0
392,4.552488366647766,0.7267017991300707,0.34616631571736756,1.0
393,4.546970296816039,0.814321424150629,0.5962353923515938,1.0
394,4.755922962029703,0.9290387144764665,0.6100241887272058,1.0
395,4.839471437855525,0.9133044758346269,0.24882565872277407,1.0
396,4.766234210693277,0.8469977999098168,0.42829012382984744,1.0
397,4.9049962901438455,1.5078732213443582,0.39963413104638895,1.0
398,4.757733013923642,1.4918231645493674,0.02821812819679337,1.0
399,4.58690540100808,1.1696345842399036,0.6202956055803542,1.0
400,4.504288086788722,1.0666575736655048,0.35248802692418046,1.0
401,4.669560717742765,1.5284781386221626,0.6949168753422673,1.0
402,0.03239839122959541,0.39765760170779735,-1.4371850116612894,1.0
403,-0.47078286844237227,-0.16924619285267692,-0.4854934461249223,1.0
404,-0.08045965132158224,-0.23217295833276294,-1.1587206866323931,1.0
405,0.06834181888538773,-0.47431831075493897,-1.391554312652615,1.0
406,0.012537287861940777,-0.3972117020387628,-1.1809372563680811,1.0
407,-0.05641673386381362,-0.28824268681708026,-1.2814051687242096,1.0
408,-0.012822664492169237,-0.34193850483524657,-1.0268034781349389,1.0
409,-0.10934345564924108,-0.4166057640309506,-1.004796957197289,1.0
410,-0.03657337963728848,-0.23273069081152067,-1.0650862259797167,1.0
411,-0.07147421380658087,0.16242145599579116,-1.1613776228577017,1.0
412,7.896953552761542,3.424152552155445,0.8063760931000806,1.0
413,7.859873911154946,3.321860602714293,0.943514873177899,1.0
414,7.915761998122241,3.317970609804796,0.7733138364130385,1.0
415,7.779831048235975,3.4794263954837166,1.0747072439300436,1.0
416,7.870105613724361,3.509167637053139,1.0269450066860275,1.0
417,7.913571309220494,3.4161131134379414,1.125703361919558,1.0
418,7.91405305801542,3.3665774355738867,1.0006770316882476,1.0
419,7.9779680868698435,3.2279638449031056,0.8023972457323126,1.0
420,7.913304732901132,3.253166182369805,0.9804179476715904,1.0
421,7.9390137556050915,3.199021774049015,0.9085302052152707,1.0
422,2.0217536518487167,-0.8559925777960637,0.32343760694404666,1.0
423,2.0384440666798453,-0.8658295825688928,0.39482960690955426,1.0
424,2.0820718872359927,-0.9079211564447384,0.41227484670483566,1.0
425,1.9786622608130187,-0.9934143411207983,0.247877912007125,1.0
426,2.1065082358123655,-1.0940390742256711,0.14219076161902086,1.0
427,2.3453193837196467,-1.4183229182601733,-0.30402943211876055,1.0
428,2.0773183539730473,-1.0600155872123382,0.16736841377622136,1.0
429,2.1523221628025095,-0.8764222707684404,0.323118865830242,1.0
430,2.087212275343521,-1.2112782476710158,0.009271735845013108,1.0
431,2.2198492429645507,-1.2486282530981032,0.06175477814936364,1.0
432,-4.512073563389484,1.1361147542069256,-0.6129600317242728,0.0
433,-4.842959095782626,3.22933117755697,-2.297280228550165,0.0
434,-4.274277806404498,3.0902725644942968,-3.160343385142815,0.0
435,-4.68449814923144,3.0790561150907174,-3.7200485143066198,0.0
436,-4.341051961924969,2.915443263654675,-4.3956837311100125,0.0
437,-4.234086926856989,2.8113108502694133,-4.655719682767677,0.0
438,-4.334977743170267,3.3587737949354817,-4.9696000255015065,0.0
439,-4.4429184904701495,3.326631078498996,-4.627958832836387,0.0
440,-4.2895053782184345,3.3498505871245237,-4.987684882164147,0.0
441,-4.110817486947613,3.314790511476463,-5.308968366696059,0.0
442,-0.8994074267285489,1.8684297846276,-2.3319497810326504,1.0
443,-1.0003522585167897,1.78940532731372,-2.267304902880323,1.0
444,-1.0116184253507639,1.8253964699007927,-1.9438737574338898,1.0
445,-0.9709677698078648,1.714965054408201,-2.0379935002903236,1.0
446,-1.2459769830781096,1.6895286047472238,-1.7279186489145404,1.0
447,-1.1060994838230336,0.6329989851042881,-2.1507869357790423,1.0
448,-1.2326528803588552,1.19266352608192,-1.722611592938671,1.0
449,-0.7816804704320255,1.7849006285628999,-2.303410380703618,1.0
450,4.056407545113584,-0.1665495236562572,-0.6446448728453008,1.0
451,3.8906043801238903,-0.7974018216902706,-0.6322788468132011,1.0
452,3.874134849643853,-0.9031744451472847,-0.23923967485527733,1.0
453,3.8524860811854986,-0.8824835819441768,-0.2747580878444605,1.0
454,3.9974018460388576,0.12847579856103297,-1.3386689692363156,1.0
455,3.9048610759291535,-0.01833618594518087,-0.6958269222929657,1.0
456,3.8687560580292946,-0.20968663670611953,-0.8680957581026048,1.0
457,3.9198837437061766,-0.5389116162275019,-0.5698357162999116,1.0
458,3.852467527759883,0.544977911924142,-1.2213882991867187,1.0
459,4.197006484927226,-0.8957539335375035,-0.3938130281324557,1.0
460,-1.20896950494123,-1.4766883947133826,0.3744924239751825,1.0
461,-0.7301711679632248,-0.7130855613928555,-0.6586417514969165,1.0
462,-1.5578892108716853,-2.394492604322433,1.6563751073440134,1.0
463,-1.0918094608049818,-1.6729227701280462,0.3285826309357656,1.0
464,-1.1702828630981594,-1.5979210530480357,0.7600831708967016,1.0
465,-0.9394081550700898,-1.4457026317567234,0.49758467016096875,1.0
466,-0.6937409342192247,-1.3177227099349866,-0.14431999700490292,1.0
467,-0.9121589867444948,-1.368120983115035,0.022101741175115645,1.0
468,-0.8887714445923747,-1.1502697053545312,-0.6886646889663458,1.0
469,-0.81737052484633,-1.3115270478372503,0.4902794923609757,1.0
470,-1.295141481998279,-2.380883870136335,0.09702433413635968,0.0
471,-1.2631112796898525,-2.6669184200339284,0.15951497989735317,0.0
472,-0.5304052932848795,-1.3764418573286195,-0.8411156470345338,0.0
473,-0.6666189121456858,-2.2566670368817277,-0.9686020056275471,0.0
474,-1.024740642355014,-2.711118203427408,-0.3015182304966313,0.0
475,-0.9991287365143123,-2.531666076801379,0.578768907173808,0.0
476,-0.8475512835731164,-2.5306794965921493,-0.24931754512404575,0.0
477,-1.0011616309398002,-2.663297382410195,0.15137901319128833,0.0
478,-1.0959322028831813,-2.6050268676259964,0.09143557373116733,0.0
479,-1.017995386755416,-2.3022176393599043,0.06379689466871122,0.0
480,-4.489593703790264,1.5824214039840596,1.243025190272175,0.0
481,-4.32217336555076,1.4014559384206942,0.8448592669327462,0.0
482,-4.533253503253035,2.1561741432656607,0.6744239017717679,0.0
483,-5.441768933085961,0.5339776900456596,2.2536152816465025,0.0
484,-5.518309877229301,0.8331535492985409,1.8967737168446996,0.0
485,-5.546814939878766,0.8315897180183043,2.5881858319316224,0.0
486,-5.422712838220124,0.71050055338571,1.8224764702167462,0.0
487,-5.009312948264765,0.6421448417369073,0.8912979762528892,0.0
488,-5.118741655158608,0.9061784664059077,1.0899500428357878,0.0
489,-4.986938580823922,0.5603841198520418,1.0189683461762622,0.0
490,1.88926852249113,6.446376029475472,-2.061121382486335,1.0
491,2.2353821722494125,5.96083441759066,-2.172770827817989,1.0
492,2.183222667724476,6.033528167064378,-1.8736974343984012,1.0
493,2.332406829364674,6.026714904926635,-2.0066540963073454,1.0
494,2.338044159382774,5.5616575994835875,-2.195064840230308,1.0
495,2.43970444989129,5.528933226041469,-1.873918675757297,1.0
496,2.0985122518525308,6.1181544716212795,-2.0490376167417645,1.0
497,2.419558257718881,5.622722654186011,-1.9860634091646996,1.0
498,2.381602751275136,5.743353523930567,-1.9412155927201051,1.0
499,2.3928264594440063,5.598874294530378,-2.007343977523509,1.0
500,-4.272634915955544,-1.386233737357766,1.903009451105847,1.0
501,-4.594398637726681,-0.9751051063416868,1.8612520865787217,1.0
502,-4.430122818324238,-1.1230790709538794,1.795333471239749,1.0
503,-4.286236734207368,-1.27460374622114,1.9728595919159329,1.0
504,-4.468376556323688,-1.2943128943507458,2.1460271741324606,1.0
505,-4.412754287520439,-0.8631639766075767,1.5061221361173824,1.0
506,-4.305911480029139,-0.6524448287640014,1.1769910395631973,1.0
507,-4.621659834041119,-1.2083034801890116,0.8131766221094748,1.0
508,-4.770051575944568,-1.1845574674392017,1.0729199795073792,1.0
509,3.5744026660880355,-1.618660611377049,-0.033901312318746345,1.0
510,3.5423010579622125,-2.2915415693024044,0.6689595177549674,1.0
511,3.540394620902038,-2.038711094839829,0.3495126978548587,1.0
512,3.6215702556317506,-1.227920966758659,-0.1425138902546028,1.0
513,3.623943341217195,-1.4988579591589448,0.010847236736189874,1.0
514,3.776138918327733,-0.8973377849685183,-0.8293865701546863,1.0
515,3.685362667703767,-1.863045081069095,-0.22132780175592276,1.0
516,3.7082558933276952,-1.7610785967648879,0.010067335781069397,1.0
517,3.550488944646389,-1.7579084657140096,0.8682827726912976,1.0
518,3.7787875488482423,-1.0937154902620418,-0.8177616800879174,1.0
519,0.8947692454868086,-2.253416766407015,-0.6925256211912406,0.0
520,0.811886125927559,-2.1274969641425847,-0.37704561782598045,0.0
521,0.9035127681304344,-2.3572110357045584,-0.07333267862956756,0.0
522,0.4709697617065106,-2.4790649030025036,0.2071852570266918,0.0
523,0.37781602714869533,-2.5437404300512463,0.31996977431406065,0.0
524,0.5065061564857418,-2.704180167949287,0.0641319627886937,0.0
525,0.6960807825427314,-2.493073604764686,0.18646513977968587,0.0
526,0.8218492715436126,-2.402570311672016,-0.8704810169036883,0.0
527,0.6003997106321133,-2.6545611763765447,-0.221853198621406,0.0
528,0.9439048045541939,-2.008254054064024,-0.7880525242159737,0.0
529,0.9514131344531717,-2.0326409047776854,-0.19871273320981514,0.0
530,4.965699397327568,-0.19867568626607235,-0.2163364093405555,1.0
531,5.105398945130277,-0.37966764985668083,-0.47009717835922277,1.0
532,5.036716664779647,-0.19087368908113114,-0.22041261582518767,1.0
533,4.979943199804431,-0.13035252861003702,-0.1590101238082175,1.0
534,5.018180788829462,-0.13731602055708114,-0.50923013850497,1.0
535,5.0246434133275795,-0.20106673426449276,-0.13820006318738756,1.0
536,4.976200869634211,-0.17958635137440385,-0.26093789427205,1.0
537,4.97568222131957,-0.17260692598762065,-0.137785496682355,1.0
538,5.0753193159125685,-0.28566149378803785,-0.3925305877485445,1.0
539,5.096161625569035,-0.3840094379561968,-0.4603579386636942,1.0
540,-3.263308280940023,0.467348811627785,0.4862985896475441,0.0
541,-3.583978303453263,0.598103431112353,0.3914888262361395,0.0
542,-3.4966803012054326,0.7076786099176235,0.09682234542355792,0.0
543,-3.5900989695045964,0.8519952022993171,0.8897371807418821,0.0
544,-3.6147655206784948,0.8069274314315,0.21161200005205746,0.0
545,-3.6434266896530563,0.7096246197307813,0.6015101273464857,0.0
546,-3.7069554629453103,0.789151862975669,0.5099511787984629,0.0
547,-3.4730069515876894,0.7501778912337146,0.09301865856161115,0.0
548,-3.5998655825198473,0.9353834032633778,0.4867284113680093,0.0
549,-3.721954299559442,0.26901565193096877,0.42624980728309086,0.0
550,-4.106257211767681,4.283106200946826,-9.417744587756784,0.0
551,-4.0273282165728626,4.467625722516099,-9.520690700017806,0.0
552,-4.057244492251466,4.336704042679974,-10.655300347930918,0.0
553,-3.9980854945981092,4.140224377089091,-10.135239991713343,0.0
554,-3.7917593576852666,4.0403925458068315,-9.526780630057429,0.0
555,-4.010377548481586,3.8759177886185467,-8.085454764847,0.0
556,-3.8778920517522044,3.9696305342745206,-9.673765573037654,0.0
557,-4.132603536887317,3.6721566742100227,-8.045537375980517,0.0
558,-3.9140820063221757,3.7873322582697173,-8.269665350843237,0.0
559,0.44856203050354093,-1.4345212506312652,-0.1847301421586225,0.0
560,0.17964684244747078,-1.5179935535970863,0.05544118274612528,0.0
561,-0.08262889439708558,-1.5520497001712927,0.0760580699554007,0.0
562,0.1816487919114377,-1.1140400888117479,-0.2674420668162243,0.0
563,0.1087632663234746,-0.9784990609472937,0.22077168251496337,0.0
564,0.031077974530604725,-1.0632260160584768,0.22362320003041933,0.0
565,0.18528818009560724,-1.1353555840198393,-0.1691769016826975,0.0
566,0.22727748284705973,-1.4626783295519274,-0.4654231809395895,0.0
567,0.04677548819089875,-1.0842038140449635,0.05124366920055042,0.0
568,-0.028949649318844844,-1.0001899593971324,-0.154874098811413,0.0
569,-5.993074885062987,4.942110520597611,-4.456439882395657,1.0
570,-6.326036286355232,5.770230928929059,-3.4909554856136342,1.0
571,-7.057988274324937,4.499014599641811,-1.9729644125116998,1.0
572,-7.628146976299235,4.980498493739033,-2.1652559003749,1.0
573,-7.837302841192823,5.4020168175151015,-2.4888346541801734,1.0
574,-7.310560064580739,5.937276505395471,-2.731236664773871,1.0
575,-7.328482371815011,5.162199287259206,-3.5246286559806745,1.0
576,-7.321769197269957,5.542450897563471,-3.347051573545712,1.0
577,-7.369006057519426,5.756991457558341,-2.9433369918564005,1.0
578,-7.578903331670701,5.074147957109134,-3.139407212057114,1.0
579,0.9846702426315292,-1.3279810573331765,-0.8078618070713208,1.0
580,0.9260663558972498,-1.66266040816829,-0.23149900835817191,1.0
581,0.6777574330844837,-1.7090446091196048,0.3307706202177189,1.0
582,1.0404833192011893,-1.141563498508003,-0.40206349098805827,1.0
583,1.049234868016811,-1.356779427361364,-0.6247224982856661,1.0
584,0.8105898737413381,-1.2420135494616287,-0.22146430092488664,1.0
585,1.3655031030642713,-0.880974233791132,-1.8499114900259757,1.0
586,1.2376472587594816,-0.5625580591525994,-1.4925947093218135,1.0
587,1.2461047857275824,-0.6490130253187077,-1.5176294473555056,1.0
588,-0.5767006500100351,-1.8925152880878724,0.3391450328669382,0.0
589,-0.585831971890407,-1.7314711884917604,0.29343347063133357,0.0
590,-0.6499550287414056,-1.7961379941069557,0.24038878672575456,0.0
591,-0.6516034109167228,-1.7350604172111928,0.4360186927581701,0.0
592,-0.5549193279555477,-1.7441437708770737,0.5246476280563095,0.0
593,-0.542405559907388,-1.6267232685521404,0.5508326087043045,0.0
594,-0.6173080448101154,-1.777455658143228,0.5636207540993926,0.0
595,-0.5519880850008448,-1.5699740806133777,0.5665185127806143,0.0
596,-0.5302667261656433,-1.7629249652327685,0.07583177558492332,0.0
597,2.171284039633357,2.147082475273292,-2.2828773157610365,1.0
598,2.0247989674085343,2.3734453722135367,-1.2746772310068764,1.0
599,2.06768107784418,2.388115029597879,-1.3724713917694478,1.0
600,2.23371160580642,2.486693482082269,-1.2078970419713007,1.0
601,2.343768807736502,2.47348913612216,-1.9059528078944161,1.0
602,2.233028122801286,2.2270603198022774,-1.308764522182376,1.0
603,2.329383808866233,2.122439070780424,-1.0874028775509954,1.0
604,2.301992394100317,1.9818569734743436,-1.5601114697702407,1.0
605,2.225165627553593,2.072270765127318,-1.4564470529143407,1.0
606,2.2410286303385147,2.5103397502889826,-1.182474466973341,1.0
607,2.362611668411701,0.920799486691179,-0.2961054977163909,1.0
608,2.62214479837102,1.1261015322401713,-0.7132671467751602,1.0
609,2.5066114772639,1.0215991835065927,-0.7390578115388864,1.0
610,2.5665129117434624,0.997841794659297,-0.48843989726677495,1.0
611,2.604075235405454,1.0229202003870512,-0.5915249587335364,1.0
612,2.4148844831154723,1.306770017448699,-0.5329761136342959,1.0
613,2.6442564017434207,1.0126393636650957,-0.7078952992029013,1.0
614,2.7778467442338073,0.9616289940842203,-0.7805938909916774,1.0
615,2.6630476689212057,1.0659523543333675,-0.7376242310658311,1.0
616,2.680853198300039,1.0744140510897098,-0.93824531814627,1.0
617,-3.055900349013357,0.12584052275972216,-0.4153940684276468,0.0
618,-3.022100120437613,0.03446611130600342,-0.17218803436980687,0.0
619,-2.981807335098461,0.45136046713348554,-0.7258674792472439,0.0
620,-3.025524965549443,0.3117143995811741,-0.5502117376983676,0.0
621,-2.9953331309102755,0.14333114689033977,-0.36339881831446774,0.0
622,-3.0392589901023395,-0.041850500322717664,-0.6149569842504707,0.0
623,-2.878019092724127,0.054311413376325876,-0.6117608264083905,0.0
624,-2.9289562029199256,-0.0933480910302431,-0.461473761154209,0.0
625,-3.22256409007994,0.3914743242647479,-0.35993147389563446,0.0
626,-3.0980679149157013,0.48439372307101386,0.2779176019712648,0.0
627,-3.738608361466061,-0.8254319241302506,-0.3165340574967464,0.0
628,-3.560999427994744,-0.5390696640486294,1.6963235732108117,0.0
629,-3.534938270538192,-0.6154364152765956,1.8111200833813796,0.0
630,-3.8255233136407547,-0.00881177352388391,2.4554484911988412,0.0
631,-3.768977464460059,0.030156571810406995,2.370928121962951,0.0
632,-3.7933435287090504,-0.01126524181900784,2.369210648261325,0.0
633,-3.7711402392910776,-0.19409705802225094,2.0442302374944146,0.0
634,-3.7331846088751166,-0.2353371630856447,2.1504005055748356,0.0
635,-3.945708856030783,-0.36607980936660084,1.9860539603574807,0.0
636,-4.611862690462616,-0.6125306516320662,2.7083770899627524,0.0
637,-1.856266836801234,4.979003335973892,-2.134573417631098,0.0
638,-1.831711078074955,4.224510298782583,-2.6811045027195726,0.0
639,-1.9977076474143458,5.488881038069899,-1.594779940739442,0.0
640,-1.8105966085599736,5.239511306371454,-2.300938149740309,0.0
641,-2.071948645208058,4.883046982358,-1.5035226378166346,0.0
642,-2.025285063501783,5.448148185071507,-2.040601639540407,0.0
643,-1.492862651061504,5.11071538818389,-2.4796019713805855,0.0
644,-1.6021643028562749,5.588412630782922,-2.5225171242962987,0.0
645,-1.7082631689516619,5.149969831890874,-2.1246742213062855,0.0
646,-1.738289866784491,4.745534424683112,-2.1223157718309125,0.0
647,-5.06701439287433,1.6981032972320331,0.799019183191528,0.0
648,-5.037976153413437,1.7962214622701913,1.2350102910554834,0.0
649,-5.414685741006212,0.6297059443972524,2.4159304038316862,0.0
650,-6.202022990824271,1.3696251157421029,3.3525448798666515,0.0
651,-6.46931959525691,1.052153733629204,3.3562431952540344,0.0
652,-6.447973610075153,0.6835124985791317,3.448188287643957,0.0
653,-5.434999494119532,1.3367030748390787,2.827427099649147,0.0
654,-5.720172123844873,1.7297505347604605,3.115525765171941,0.0
655,-6.07065638689123,1.3138393031364166,2.4634364412661744,0.0
656,-6.025192923130709,1.2931694072390902,2.54122668776934,0.0
657,2.0572196122708615,0.09894297335132721,-1.1189311637869253,0.0
658,2.2945171390677515,-0.389897263649397,-0.5034495376654509,0.0
659,1.7360981825896882,-1.2067078918292076,0.9293243653184515,0.0
660,1.7739551162251994,-1.2383415409354084,1.078203229293965,0.0
661,1.744451095679953,-1.543761139738373,0.7142424554351003,0.0
662,1.7270362784604318,0.21109565954542456,0.5602099711487021,0.0
663,1.4900938519562092,-0.873621894156787,0.6542933242080083,0.0
664,1.2266337030551098,-0.9881885487359869,0.8825890749188301,0.0
665,1.6993083426039484,-2.29747798454006,1.0120885468828567,0.0
666,1.7635182083627745,-1.6936263462592844,1.3210814036964578,0.0
667,1.5691892736907658,-1.5403510251710473,1.201619971408743,0.0
668,-2.9490287557554318,0.7369260129055474,0.06248012579666621,0.0
669,-3.140605747925121,0.34102544704448057,0.35335068388765484,0.0
670,-3.1108566595462164,0.3700298391435442,0.010707590081330187,0.0
671,-3.179110308638286,0.6968653582875288,0.5332557527900789,0.0
672,-3.3052004726754047,0.6628266984133299,0.6183861547741549,0.0
673,-3.0180042659083783,0.1781232709252863,0.22793114007262122,0.0
674,-3.7670158307233574,0.08095327325203328,0.6328688434846209,0.0
675,-3.8118545432889133,0.2952937510467864,0.9350732897093192,0.0
676,-3.1037012466503895,0.5979661044144143,0.04395155748967112,0.0
677,-3.431843237464818,0.567196297348514,0.3740072238394148,0.0
678,-4.314587245468372,-0.2911195383943349,1.1282644617854272,0.0
679,-4.437510203937202,0.056015894112944546,1.2688072991312291,0.0
680,-4.329831522775393,-0.355147941947836,1.2409960973934928,0.0
681,-4.526405766242534,0.2355432912337437,1.4107828425250855,0.0
682,-4.090417699490108,-0.05594217580591952,1.1167790153335961,0.0
683,-4.079362100122386,0.022716933815774016,0.979341544212845,0.0
684,-4.498052425098643,0.03140743881727575,1.3129957375470296,0.0
685,-4.2122211653291695,0.20057375153566917,1.2003529846461094,0.0
686,-4.475690005201593,-0.4234754406062667,1.568270575270018,0.0
687,-4.005161828615804,-0.6517138010546307,1.0074948400043797,0.0
688,-1.045795000326707,-1.1278751519905161,-0.645945976216659,0.0
689,-1.142828182534611,-1.2081672942423878,-0.542509228579448,0.0
690,-1.1531463704665965,-1.9602782079976355,-0.38538338840499303,0.0
691,-0.8199394738386571,-1.237742243954854,-0.4054211381519324,0.0
692,-0.9681434219741599,-1.4456670337552118,-0.28815768984158535,0.0
693,-0.9380463025594986,-0.8277546607082874,-0.4878749104434292,0.0
694,-1.1882931659909497,-1.0756360717708597,-0.2815634728908427,0.0
695,-0.9006905865685572,-0.9854846699167874,-0.4472266940801911,0.0
696,-0.8382929028293112,-1.0541757826328153,-0.28556955652566435,0.0
697,-0.8226993936762927,-1.0664493662126273,-0.6898402651935771,0.0
698,0.6457093072997019,3.245828592159324,-2.4375065079091813,0.0
699,0.5085457505476344,2.6842252639543585,-1.92744321956036,0.0
700,0.6058913716574597,2.4696061912923755,-1.9199011460340873,0.0
701,0.2915488477949796,2.9688540838550526,-1.5667598572179338,0.0
702,0.38241404536811663,3.1677312722557613,-1.4190640021272034,0.0
703,0.23239838872901383,3.1175068048776375,-1.3064998136510808,0.0
704,0.49532021569007056,3.514062954818597,-1.997539929131593,0.0
705,0.4816522251473012,3.5754519144085113,-1.9130098157257194,0.0
706,0.6009032806699453,3.784375216989115,-1.6123708243154975,0.0
707,0.4648585168753862,3.495311810969103,-1.3653675985935683,0.0
708,-5.0360044827342625,2.236890075505721,0.4765547901732186,0.0
709,-3.9745642764061677,2.2139010329940794,-0.6810395410310868,0.0
710,-3.292303861725856,1.96104920338093,-1.7397779247997422,0.0
711,-3.44231362256034,2.4291163070953328,-1.3493110785958429,0.0
712,-3.20669897865707,1.6510110990200844,-0.7687765678112237,0.0
713,-4.267521270704677,1.8401665369261988,0.8626487434350024,0.0
714,-4.0723251499739535,1.764100046738017,0.45912685237885986,0.0
715,-4.379557824936963,1.7645524722718464,0.2890638455205274,0.0
716,-3.404890768899296,2.107597935643396,-0.096311871088034,0.0
717,-3.6009777557831057,1.9310766825130057,0.7450360511976593,0.0
718,1.4912994268723514,-0.34080743633980703,-0.3588849405507615,0.0
719,1.3465111906064824,-0.44857664866510255,-1.0708626853689898,0.0
720,0.9300723904044047,0.1666987245689445,-0.36882450973110653,0.0
721,0.8772904432064573,-0.06851667935743758,-0.15620764393818398,0.0
722,1.030135543736779,0.24887861462289615,-0.6834819404093707,0.0
723,0.9662079552258095,0.27454757757014525,-0.4043494287212374,0.0
724,1.231226255924862,0.1947475254785163,-0.5378949173336419,0.0
725,1.1526378833525273,0.04196662343485605,-0.14094238108384247,0.0
726,1.074077449634674,0.5377893173128161,-0.047773213896856064,0.0
727,1.206983504506732,0.16000519629293578,0.30873551004613187,0.0
728,-7.412244471049407,5.108761819723288,2.980778353901681,1.0
729,-6.48346715821737,6.438114661125007,-0.7622654880420586,1.0
730,-6.547641078709685,5.917922661109786,0.3357080215898697,1.0
731,-6.341032384661613,5.926139903066576,1.9920068118510712,1.0
732,-7.04830504591162,6.58535105744503,2.44666649022178,1.0
733,-7.253451941345538,7.168283667617827,3.263298746799016,1.0
734,-7.903107266675239,7.5005928641068325,3.430489122243323,1.0
735,-7.325041660547884,6.099920119209927,2.816979044553575,1.0
736,-7.3354787819106955,6.6971059006370215,2.5198897210988482,1.0
737,-7.598761127854088,6.781753949359186,3.0550892747645406,1.0
738,3.5721965491724563,0.3511312557520716,-0.05367652040416899,1.0
739,3.622335733969102,1.4526646248540112,0.4949556078088598,1.0
740,3.4049362810068744,1.1919999155386458,0.47182792253303196,1.0
741,3.619484050298817,1.0224184879952094,0.41039100038724197,1.0
742,3.8108753991109934,0.6709714260962684,-0.6088971063257533,1.0
743,3.628092752730229,1.0088424117709205,-0.7341896113243584,1.0
744,3.680391800345612,0.7273138911410445,0.6332461187498131,1.0
745,3.403652404754806,0.485789229076855,0.7451446260581249,1.0
746,3.4223730738636613,0.5902464806902238,0.6378730151910394,1.0
747,3.4971588044492283,1.293941549693572,1.1912724118951898,1.0
748,-1.2466579411358292,-0.6045638623281386,-0.159844560021688,0.0
749,-1.175596050395305,-0.5319183936224668,-0.15821374731394902,0.0
750,-1.4770934650773386,-0.8032592609717475,0.2806247243606683,0.0
751,-1.131329926655362,-0.630522753841413,-0.3533062805080113,0.0
752,-1.256130901069296,-0.8533569893427961,0.03975134266277481,0.0
753,-1.2414694474653638,-0.6729126025269302,0.002126025241246316,0.0
754,-1.4740238859162893,-1.3037013931869965,0.2578241296442201,0.0
755,-1.200845788233467,-0.6185589359758578,-0.07548844206090743,0.0
756,-1.4856115428797847,-0.7624874067536023,0.012864600246458599,0.0
757,-1.074494636701007,-0.583716078748621,-0.38676469408459574,0.0
758,4.228631562138381,1.2755895053488584,-0.4342304126005605,1.0
759,4.260418693850053,1.1709465217129855,0.03718979659017859,1.0
760,4.416135378249387,0.6161782295188979,-0.03763692543822879,1.0
761,4.406756252140415,0.32428908970335857,1.1805923277847072,1.0
762,4.459426821381279,1.0480748966459372,1.2476696924589339,1.0
763,4.533523569480208,0.7908306637155637,1.1056263440738732,1.0
764,4.326654256402929,0.4663646606906583,1.677286845731677,1.0
765,4.339987656569196,0.663889553035464,1.4863546650559971,1.0
766,4.56807054970415,1.3352611937802288,0.2761661023052534,1.0
767,4.460080250277768,0.8768967474214151,0.5885659279997757,1.0
768,1.0684707256574904,-0.9098078737571191,-0.5168316880180207,0.0
769,1.2694679264986368,0.6178030808315265,-1.3628876913346157,0.0
770,0.9024076576232668,-0.15401739162387673,-0.2618490196152458,0.0
771,0.8139811406353149,-0.7757762790820505,0.19030767869552018,0.0
772,0.7154192612925254,-0.696061180544578,0.4760092918981318,0.0
773,0.9689366942651236,-0.29991803352064605,-0.9227494946152341,0.0
774,1.1683677432543116,-0.435120597349089,-0.6992027490413746,0.0
775,1.0703282890280144,-0.0864818235921161,-0.43456660848405065,0.0
776,0.8361846427117642,-0.5572860737987697,0.04631818810503196,0.0
777,1.0524109599665998,0.0334524478262697,-0.5139118737219761,0.0
778,-2.382888385849803,-2.465580080130839,-0.3915545598933603,0.0
779,-1.614993742745731,-1.044326643089808,-0.9776343403692567,0.0
780,-1.7644717333596716,-1.1411616813420893,-0.549624251127189,0.0
781,-1.228282248918293,-0.7101219524576833,-1.5673044155747966,0.0
782,-1.5944986667458312,-1.3099597281486286,-1.049918456064154,0.0
783,-1.3627538347641186,-0.7282504612200477,-1.1435315409956188,0.0
784,-1.5161930576816531,-0.7005708128712459,-1.1651753668942992,0.0
785,-1.5148233884708928,-1.5030052974818406,-1.2900857039425688,0.0
786,-1.7124118996787043,-1.156353217967969,-0.6474115842975258,0.0
787,-1.6852386428901978,-0.6713684254836019,-0.7266262230475826,0.0
788,-2.324141105895393,0.9702333801416617,0.33439598281290966,1.0
789,-2.210382146381277,1.649244211036917,0.9484373043752288,1.0
790,-2.9494868798292444,1.2588387464858757,2.174420861326014,1.0
791,-2.266293092452167,1.487284936469143,0.6777900683804969,1.0
792,-2.7887463663682364,1.1907396270608015,2.311520332513274,1.0
793,-2.391222722373577,1.3208574052813162,0.575209786064505,1.0
794,-2.4264728445373964,0.6858461721104069,0.5005133804864693,1.0
795,-2.6483747896946324,1.0597131024095257,1.09011659290014,1.0
796,-2.8518579912040485,0.584369774280136,1.1778054574810604,1.0
797,-2.441573151345768,1.0684981955453687,1.2915953498693977,1.0
798,-1.4134235492208602,-1.9142709065201662,-0.9845456809239038,0.0
799,-1.9520583461777046,-2.26963507498992,0.28101640594053473,0.0
800,-2.0834954234746115,-2.4110632622893804,-0.0017081751664517319,0.0
801,-1.1762386570580794,-0.7619514490649433,-1.0664993775676386,0.0
802,-1.5561287981533163,-1.693850336692042,-0.4731637229940193,0.0
803,-1.2766616150126837,-2.29848295189783,-0.8033928673479094,0.0
804,-1.2255874926109982,-0.8892198061880378,-0.8958983974156882,0.0
805,-1.8909272922555695,-2.3788282552846773,0.020836768178409463,0.0
806,-1.8869493906013708,-2.984343679721738,0.16323185000622661,0.0
807,-2.046508731683255,-1.811068519625546,0.5346154305635382,0.0
808,-0.5955419443838115,-1.9275552506891622,-0.5503462615637444,0.0
809,-0.15239776074673528,-2.394741074435666,-1.085745349200011,0.0
810,-0.6799329450526486,-1.7485597503742574,-1.0551993017971901,0.0
811,-0.6971134433150347,-1.742578711233944,-0.4913736191500534,0.0
812,-0.5337290099642172,-2.4207530567412214,-0.3705536806443399,0.0
813,-0.48399178715250674,-1.8608476141902928,-0.5873272545736934,0.0
814,-0.4903652421656809,-2.108962589142967,-0.597653484966751,0.0
815,0.10801263133379847,-1.7067863136588206,-1.7540787184147881,0.0
816,0.03830705863828983,-1.4951616442836952,-1.4707015935171945,0.0
817,-0.5381623554565395,-2.07425614943792,-0.44401638246746133,0.0
818,0.2749804424372568,1.5246838544771208,-1.5715202855995287,0.0
819,-0.2596196759511726,0.3197818335507421,0.18495651296552265,0.0
820,-0.30960552136454905,0.6062774784309571,-0.1433167827039598,0.0
821,0.044203781351662544,0.6719779981370355,-0.3159371531749827,0.0
822,-0.1636083344686806,0.7939114183924268,-0.06803364617897663,0.0
823,0.1528952940183443,0.9682170295553475,-0.7043270101363118,0.0
824,0.29099179169691775,0.8423776559219207,-1.0231052136809546,0.0
825,0.1675031156038254,0.6470497181757855,-0.3909790208495127,0.0
826,-0.03144898862094072,0.2076876500634701,-0.13734356767537942,0.0
827,0.3306394763054259,1.0610515358794503,-0.8751201462421314,0.0
828,3.524490470949051,-0.7752882715379937,-0.4304749385024732,1.0
829,3.358363161769717,-1.4248575233145544,0.24329519447189826,1.0
830,3.512558578674003,-1.106391694644654,-0.5689303423893747,1.0
831,3.3099055964537722,-1.6808162609936774,0.2264181491237291,1.0
832,3.2942048671979904,-1.4194973145754801,-0.5554830305601622,1.0
833,3.2778543557479005,-1.3784508226279772,-0.2958016637725601,1.0
834,3.428344956751876,-0.6032464813555658,-0.9330316510537474,1.0
835,3.418883611553347,-1.3614881158994718,0.0834203675065271,1.0
836,3.339001937502293,-0.8143825120938998,-0.44954472209057966,1.0
837,3.2939097490393534,-1.1869399517113444,-0.5569511225936502,1.0
838,-3.17971439731655,0.3253593188457266,-0.20548215874769907,1.0
839,-3.4817846996955315,0.7593321188621917,0.5986891232517876,1.0
840,-3.4579561956272378,0.8478313513637615,0.7360944834009341,1.0
841,-3.5192840158133016,0.7565524525290799,0.9848842591242565,1.0
842,-3.3828507578710174,0.8106477088993447,1.0038031023841902,1.0
843,-3.4897191801150553,1.0661024053525274,1.1777777409353196,1.0
844,-3.5980426485213353,1.2780447799695103,1.2882637745820507,1.0
845,-3.580105639308383,1.3505408255612095,0.7133777897077026,1.0
846,-3.8850572714018625,1.5347445956000965,1.233941281251443,1.0
847,-3.7441531788909135,0.917302477598487,0.5234052727082128,1.0
848,-2.8125388906781748,0.15527594149692928,-0.5964008000037845,0.0
849,-2.8194737266752523,0.17702485771701265,-0.3831834277626898,0.0
850,-2.8552305385756833,-0.09246744719155879,-0.4207914878920222,0.0
851,-2.813757272001014,0.16975734513196797,0.12390312225137498,0.0
852,-3.6382358922125633,-1.273738250676397,0.4685570255678658,0.0
853,-2.550196611689953,0.006849903405975439,-0.14965834607301573,0.0
854,-2.6490221081468337,-0.03739313944226807,0.010390362942833957,0.0
855,-3.379233690753203,-1.2260492601063355,0.5191818172622902,0.0
856,-2.5375293734572177,-0.10913282396798916,-0.1556440772008868,0.0
857,-2.3521945853413837,-0.3438788771241684,-0.4176581795722119,0.0
858,0.5281911789926014,-0.8581252665625997,-0.7898253880200271,0.0
859,-0.08651646638069518,-1.1722341572589996,-0.5379853787005782,0.0
860,0.4642779440772779,-2.010781425414432,-0.7228250729185882,0.0
861,0.17352776777268591,-1.406431052398929,-0.8030239058033911,0.0
862,0.3386322658745687,-0.33220027162887017,-1.3089046499344368,0.0
863,0.20446051880713734,-1.3813896698045005,-0.5486707319194557,0.0
864,0.3628972656621497,-0.8096859025961973,-0.9529410740714945,0.0
865,0.28056517114169927,-1.345203702940338,-0.8062037921578079,0.0
866,0.08386482535857685,-0.9306587301355324,-0.7962555400394093,0.0
867,-0.00746792895942152,-0.996401953362828,-0.02262774099156141,0.0
868,0.0453445257665862,-1.2067233622953715,-0.2904444259543947,0.0
869,1.9236510628054322,-0.663871868595761,-0.7149379988082233,1.0
870,1.789964972439712,-1.4598659173991284,-0.18263587876704485,1.0
871,2.0314430583676564,-0.7791845223514582,-0.6744994534335903,1.0
872,1.532552737418974,-0.7891959952169209,0.18424997541352955,1.0
873,1.6439832484706371,-1.1233709595049597,-0.3352127378229319,1.0
874,1.6226270177698137,-1.174137951569676,-0.2203289922788802,1.0
875,1.7485869884361067,-1.1125464441527195,-0.30640433268392875,1.0
876,1.7765045365902352,-1.304376371081645,-0.7261012643368502,1.0
877,1.849245323412413,-0.9269502619883316,-0.7576195107558227,1.0
878,1.5295411090464905,-1.486005404515999,0.49277545151858265,1.0
879,-0.2228224478162196,-0.24268339959322624,-1.0344723662447928,0.0
880,-0.2865218477062954,-0.2407786651044603,-0.9284235888324046,0.0
881,-0.9453719937397306,-0.32638237169941653,-0.496598300039022,0.0
882,-0.9632156849283582,-0.3409179350039033,-0.5061875907584467,0.0
883,-0.3064638783145787,-0.05127445813892734,-1.3402878690224063,0.0
884,-0.7506793666909165,-0.5124361324199684,-0.18646138675138388,0.0
885,-0.5224435212598421,-0.867425293310489,-0.24395469835154332,0.0
886,-0.009854946587177432,-0.18874340149202803,-1.1416009978138157,0.0
887,-0.35044001200331293,-0.20624660932377784,-1.125725054603482,0.0
888,-0.06371888795153846,-0.14891622761771814,-1.8220968657843377,0.0
889,-7.449967046189047,5.867470075343889,2.7816642277196353,0.0
890,-7.110137303476619,5.882534028471203,2.7137152878000066,0.0
891,-7.524531616307188,5.884191363391714,2.6620913181852095,0.0
892,-7.5958386457839,6.018217181599312,3.133718579279857,0.0
893,-7.144580534356705,5.9223035536439745,2.7794292969216805,0.0
894,-8.623896614524321,4.84496096460822,3.6698867179774317,0.0
895,-7.313744311889302,5.416654536881695,2.8692275298098444,0.0
896,-8.342812269736854,5.451824982736944,3.5734062584522364,0.0
897,-8.576797750411902,5.531035812825649,3.5949313640325897,0.0
898,-7.3656327716993095,6.260766687504042,3.0587444812285303,0.0
899,-7.925640273216588,5.280624055692199,3.375944846442652,0.0
900,-2.4430618099166215,-0.32767783350988294,-0.26197528632300837,0.0
901,-2.4791415720066587,-1.008176336623495,0.3316570067861309,0.0
902,-2.751073195547851,-1.2978435047527903,0.8665305054428943,0.0
903,-2.3046034488864997,-0.28290754686309,-0.1650013492833106,0.0
904,-2.2887110289374384,-0.14535008923350234,-0.27380063603028637,0.0
905,-2.2835777317537054,0.08823155234092984,-0.19890963841175854,0.0
906,-3.5475289529251435,-1.3759809382167967,0.8504502597732935,0.0
907,-2.207890339861257,-0.06717261114160061,-0.4610571403495362,0.0
908,-2.421069150391116,-0.7193778074046345,-0.017593122987752285,0.0
909,-2.511221945867046,-0.13742095842338928,-0.08973900858828884,0.0
910,-3.324463323595549,1.1079579083560769,-0.43496849578060326,1.0
911,-3.109185346836653,0.7795448390549815,-0.728688156529244,1.0
912,-3.2639570537491664,1.0970179933560962,-0.8493451530525441,1.0
913,-2.7080096035544132,1.0476575300125015,-1.3038926979947005,1.0
914,-2.853385458200527,1.06121154738606,-1.3895447116416082,1.0
915,-3.086628137835479,0.564004095566541,-0.5524589136197497,1.0
916,-2.9918161366822895,0.22412170638349654,-0.9779164402134541,1.0
917,-2.8742596541691707,0.8559173236997348,-1.072262390199839,1.0
918,-2.7402568155417923,1.0888437440862515,-1.2799972653172844,1.0
919,-3.322316228198741,-0.20582820561266155,-0.6727190019744712,1.0
920,2.8631506178921473,1.283691704636499,-0.008989867885944308,1.0
921,2.939707608795004,1.1250676405375721,0.23733368147633452,1.0
922,2.830180027757526,0.9551299826304357,0.24502391211550317,1.0
923,2.7690035122494416,1.0461602426277468,-0.19500698606803224,1.0
924,2.8334670643049797,1.2490289117963569,-0.8600534720992816,1.0
925,3.0588179606649093,1.0242897317984911,-0.5746938173918389,1.0
926,2.9829824210567857,1.2398083669129234,-0.9711261539569687,1.0
927,3.4931639261868206,1.8631270053628366,-0.4834266172130743,1.0
928,3.3263797269659277,1.2673912614587284,-1.0415332494739982,1.0
929,2.8128899168347976,0.3079641589088983,0.18077029405849598,1.0
930,-3.236106940992511,2.1008822410080676,-2.5852321503849156,1.0
931,-3.3543711032733032,2.2660449593593586,-2.2205164335693017,1.0
932,-2.8780892179008593,1.8424804010033222,-0.9750247837433862,1.0
933,-3.073830702941235,1.6354663234811453,-2.6093922887263785,1.0
934,-3.5988406129145596,1.2299305158355809,1.0985412447519707,1.0
935,-3.264729461489206,2.037380979857809,-1.821470305146694,1.0
936,-3.3722861013745034,2.4804264341370663,-1.677992989163632,1.0
937,-3.539261927349797,1.8146667276657098,-0.6375744675855398,1.0
938,-3.3954875371086413,1.2585222770447013,-0.051930330438893516,1.0
939,-3.20580536159482,1.2646712571100978,-0.5851288439885433,1.0
940,-3.7839216426378,1.958385349228782,-0.9139321150661217,0.0
941,-3.650079224969174,1.7253356863501477,-0.8058206905410075,0.0
942,-3.6739156584912527,1.5705598726424488,-0.8481179775639194,0.0
943,-3.2494221622261903,1.386303973927215,-1.213383393870038,0.0
944,-3.5848663646629144,0.8665402449324147,-0.5801533240924792,0.0
945,-4.458965719570054,0.18051148689803787,0.03884661338989676,0.0
946,-3.409580034517386,1.5306966542703742,-0.5726186476228172,0.0
947,-3.5970080150229244,1.1384855993516543,-0.569911754132985,0.0
948,-3.3705448036736017,1.3983568160140634,-0.42586319373587644,0.0
949,-3.688285996952859,1.014836168105969,-0.3824264397088438,0.0
950,-3.6199664509159244,0.8645464694066132,-0.18182392305855954,0.0
951,-3.7313867301456116,0.7817413924205334,-0.01597503711593769,0.0
952,-3.4894607582923647,1.2909410264758094,0.07820045061014004,0.0
953,-3.4672693267768535,0.5810962112420617,-0.28349742446179843,0.0
954,-3.27084979669725,1.378997337797675,-0.18257217823493843,0.0
955,-4.432991533061227,3.538207095779824,0.175178015031716,0.0
956,-6.410356004991232,4.073017957803754,1.9441079572541522,0.0
957,-6.707049414865937,4.382079512902012,2.5166200901583227,0.0
958,-4.814600724411215,4.209365654318768,-1.0214072678952328,0.0
959,-4.8911570561849045,4.677324907095719,-0.6549624875069538,0.0
960,-5.036984893231854,5.181111613361616,0.06721636001546233,0.0
961,-7.07685072212906,5.1556882814714236,2.339074616121666,0.0
962,-5.948576551779715,5.943490865664167,-0.9838608446206594,0.0
963,-5.814081301945829,5.259396233673728,0.6690678988850967,0.0
964,-5.758112399740187,5.833498698446273,0.027745279867580037,0.0
965,-1.298474742978117,-2.0155353448552615,-1.7637907273042381,0.0
966,-1.6117370906284427,-2.1417974639001565,-1.100627785227435,0.0
967,-1.3530589177275834,-1.8657961069853886,-1.432402059296073,0.0
968,-1.3667726668778573,-1.5102600494752147,-1.3535381335134773,0.0
969,-1.5625132271821702,-1.8310140225635414,-1.0906502426197213,0.0
970,-1.7093984300894909,-2.062965936236198,-0.8194732949784005,0.0
971,-1.7446653991621803,-2.200925323056926,-1.113800406167578,0.0
972,-1.5683562395434956,-1.8782141994187929,-1.0191279219324965,0.0
973,-1.5698640096348953,-2.2067444623034063,-1.2813020902705528,0.0
974,-1.3695776856410171,-1.859089689768846,-1.4789040768029482,0.0
975,-0.9783558116582245,-2.8018283942048647,-0.30310880585011324,0.0
976,-1.1235766792153083,-2.4859452021341037,-0.16319570131170186,0.0
977,-1.0786130568640984,-2.515846834902052,-0.13682276916228395,0.0
978,-0.7841362428409561,-1.2350419641405284,-4.932942886062955,0.0
979,-0.8967849316334439,-1.4887970124574346,-4.93281230400295,0.0
980,-0.6212367939087662,-1.609823968150436,-4.934041648450819,0.0
981,-0.7718688608193227,-2.5536830624645788,-0.6055699831148528,0.0
982,-0.6585604477645267,-3.067277355843686,-0.33758741113137986,0.0
983,-0.7581795435526109,-3.034156601396865,-0.4723751329038613,0.0
984,-0.6050781339349074,-3.1094677505121564,-0.1788237197416529,0.0
985,0.17508277496634103,-1.3333335497299106,-1.036383693527722,0.0
986,0.1407450541681297,-1.2610739262514863,-0.5093300536272198,0.0
987,0.0912704741101631,-1.4949627657331859,-0.7402666674557088,0.0
988,0.051654695414006135,-1.146396060234327,-0.4013661252918625,0.0
989,0.0692582478872891,-1.5308385933542799,-0.49169835872945156,0.0
990,0.05860239040053738,-1.4377745007267257,-0.7020718434824729,0.0
991,0.10738398818219447,-1.4690064261442803,-0.6100345344330016,0.0
992,0.13832941223529735,-1.1583965423953535,-0.23044010223523637,0.0
993,0.1900886087854731,-1.289753630998919,-0.4731543723426914,0.0
994,-5.0416437377450265,0.7695350022271658,1.21151982122302,1.0
995,-4.877059279510597,0.679518783580958,1.9577169717484308,1.0
996,-4.711498082529194,0.6950482615216664,1.4747339680640603,1.0
997,-4.851395237464955,0.735279573328897,1.3385542439312113,1.0
998,-4.9553825908453115,0.7383680896487098,1.6053866677771025,1.0
999,-4.813568083848042,0.6473485853416266,0.9392372427764376,1.0
1000,-4.960461895975321,0.7746570918275225,1.0344215343590266,1.0
1001,-4.923856286838632,0.833104060924898,0.8808975856801334,1.0
1002,-5.103753125271145,0.8724178316373867,0.7794203920703344,1.0
1003,-4.9538336960490525,0.7899952146877155,0.8567268556393836,1.0
1004,-1.3349308445416324,-0.4179955770595555,-1.3082859620459675,0.0
1005,-1.33464353409568,-0.4968662524129138,-1.5829507636129434,0.0
1006,-1.3449695091434353,-0.5013109489989337,-1.3260798491044703,0.0
1007,-1.340955598745508,-0.5329113401732553,-1.3657129352280366,0.0
1008,-1.3554647991276452,-0.4054191715902223,-1.2274168166946422,0.0
1009,-1.4289048974544467,-0.49184597228272825,-1.2751607406070449,0.0
1010,-1.481924648650551,-0.564682865759602,-1.3484715140242178,0.0
1011,-1.4605581287660505,-0.656677664167733,-1.2139001534821972,0.0
1012,-1.4097851506608479,-0.5227656181255402,-1.242274974147703,0.0
1013,-1.4656077645102377,-0.4915645235649662,-1.4823610932163815,0.0
1014,0.41520192117524535,-0.5235245782674957,-1.6268179801191902,0.0
1015,0.43335058773188,-0.44547095076328347,-1.5756417437237424,0.0
1016,0.3385171725633131,-0.4894005722351875,-1.509770925033615,0.0
1017,0.34497762608815496,-0.4432949112250628,-1.5501700278669874,0.0
1018,0.4233736164895512,-0.521608350345804,-1.4163065066692337,0.0
1019,0.4857021327149337,-0.34841417742416436,-1.3513750642266846,0.0
1020,0.3808772473400232,-0.3074527895392316,-1.2293296073220055,0.0
1021,0.35440105687455603,-0.46626674961789505,-1.5363375476710377,0.0
1022,0.39960134203518094,-0.5055032740312633,-1.4273269645155104,0.0
1023,0.4848702782504319,-0.4790004419565969,-1.502911580026845,0.0
1024,-4.292670564988797,-0.4929668524899808,-1.1478568359767636,0.0
1025,-4.317273934257783,-0.5018774574062862,-1.4642532885498443,0.0
1026,-4.3184162878259285,-0.19959044247666263,-1.2424375432834898,0.0
1027,-4.253054976080201,-0.36097822977968796,-1.55815275549391,0.0
1028,-4.386071631635846,-0.3401012805595338,-1.2217796508366565,0.0
1029,-4.37674758502708,-0.2652553113633568,-1.1183583490799451,0.0
1030,-4.320165973369238,-0.5140087080975303,-1.4538982455752985,0.0
1031,-4.339466608309676,-0.4075702256194317,-1.5466297431355283,0.0
1032,-4.2548800127757795,-0.45275368406072836,-1.5142058314968225,0.0
1033,-4.39429255810254,-0.4042443434379013,-1.0070247154392216,0.0
1034,-0.5584440379592545,-1.0509438024689097,-1.121112988262396,0.0
1035,-0.5013089307991514,-1.077321850666874,-0.7338872654382022,0.0
1036,-0.4308340974243061,-1.25167584392279,-1.1518452028108839,0.0
1037,-0.5004924867233267,-1.0529239669631416,-1.0064956583366647,0.0
1038,-0.5485500608023208,-1.145876676841551,-0.7488499287598235,0.0
1039,-0.5433299546156899,-1.2456344169996572,-0.8886946050856417,0.0
1040,-0.5167918498342865,-1.134893659272776,-1.1139525945162296,0.0
1041,-0.46316690885927103,-1.2090681704679025,-0.7495783825548279,0.0
1042,-0.5187292186592999,-1.2463292568450788,-1.2232281261340008,0.0
1043,-0.5445375202237728,-1.3962085340149157,-0.8328610562866011,0.0
1044,-1.742028417263777,0.2376974538980625,-0.7330194443764786,0.0
1045,-1.744763802966285,0.2706176232284622,-0.677292800125635,0.0
1046,-1.7643706589885704,0.35474963712043944,-0.5615935185666076,0.0
1047,-1.7388687338996085,0.22111452744809143,-0.5276043930552581,0.0
1048,-1.7305235114080866,0.14868029636788915,-0.34153404019467914,0.0
1049,-1.6886761279766804,0.26132945548802766,-0.44342462537218297,0.0
1050,-1.722905220914173,0.2252549779122374,-0.44789803762328323,0.0
1051,-1.5109231293256866,-0.14541012046095247,-0.8961250706337797,0.0
1052,-1.6809606130221937,0.2579655561239982,-0.6498198653416503,0.0
1053,-1.8766774908973956,0.25601881781504493,-0.25838228345423964,0.0
1054,-7.3280303509654106,1.1940809644337331,2.681375012465327,1.0
1055,-7.7094779439925,1.3746319937349663,3.091026550411654,1.0
1056,-7.5293700304915765,1.401764336379565,3.030342347684759,1.0
1057,-7.68880583796426,1.3042238437813307,2.9761317575765895,1.0
1058,-7.595520098741191,1.347993419857307,2.9305873457696983,1.0
1059,-7.1607728018888634,0.8343598720686312,2.3326778665992642,1.0
1060,-7.508819896589545,1.645426478833172,3.0071250416246524,1.0
1061,-7.4502610549264405,1.342895639934857,2.763876155314828,1.0
1062,-7.197658285382982,0.7954603333048125,2.3878657190750068,1.0
1063,-7.492957487453921,1.5706431676442074,3.213047983150552,1.0
1064,0.6050281015713398,-2.2655513074013163,0.2261402738340121,0.0
1065,0.8948051019866837,-2.7739354136780063,-0.16624342879968412,0.0
1066,0.6530248545414106,-2.537045975451474,0.055054233627215815,0.0
1067,0.6570951716064196,-2.3248028785275427,0.31199735038573867,0.0
1068,0.661043671828502,-2.4164149750870725,0.07335089020318813,0.0
1069,0.7426435817308202,-2.468487123751931,0.05835721267187485,0.0
1070,0.6797535714398362,-2.419773826245101,0.030799896782822026,0.0
1071,0.7320079497889008,-2.4772131430207334,0.2198662971021402,0.0
1072,0.738954392465287,-2.4624732228612576,0.2641938988235047,0.0
1073,0.7186438741289212,-2.304006885542516,0.2406267276879727,0.0
1074,1.7155018067793308,-0.4904853380173037,0.2917190533494729,1.0
1075,1.935369381187374,-1.0684456630094619,-0.08096199589121439,1.0
1076,1.7320245857257386,-0.6023817227354652,0.4272189136835071,1.0
1077,1.7409911925883716,-0.5834349869173794,0.42075997448646446,1.0
1078,1.7705913762363696,-0.6245182634748115,0.5629497137527548,1.0
1079,1.734166879170568,-0.5796168570137196,0.5793184707858118,1.0
1080,1.6482111799034513,-0.6395762923158835,0.26900732438514874,1.0
1081,1.981321870805439,-1.0270466791261783,0.029154846393416537,1.0
1082,1.7311499259330594,-0.660318863456793,0.39557817774605303,1.0
1083,1.7564010869846942,-0.6574918927346476,0.4178483632797862,1.0
1084,-4.189093220084473,-2.5779132155476097,0.317491581788092,0.0
1085,-4.021302029575369,-2.8550851271545064,0.3297318704843069,0.0
1086,-4.333060449251095,-2.891169332296583,0.952881077209807,0.0
1087,-4.157184173965991,-2.7024959624403913,0.5640683410044585,0.0
1088,-4.2535683195350575,-2.8893056330604736,0.22238728256921111,0.0
1089,-4.1804775110844155,-2.7387450581159576,-0.005849033343213665,0.0
1090,-4.161952770147961,-2.5736169211548683,0.24646002652259272,0.0
1091,-4.14078139620937,-2.8139999602992725,0.20409065534243742,0.0
1092,-4.045345850596789,-2.7211562241169625,-0.13997406743728025,0.0
1093,-4.0622475916364875,-2.5177881576330186,0.14433544039566143,0.0
1094,-2.293068480702468,-2.6125306398960078,-0.191536931896053,1.0
1095,-2.287899823775003,-2.6695081478070786,-0.28280210774493275,1.0
1096,-2.1957291422808884,-2.620946993790554,-0.21117532656265398,1.0
1097,-2.2384195804610822,-2.7093599447922867,-0.1218537156310785,1.0
1098,-2.2959421544575287,-2.6354804417359543,0.006536447444704285,1.0
1099,-2.272895054494084,-2.689630462458109,-0.3110868341232848,1.0
1100,-2.367186707766573,-2.7167431830170243,0.20403451874840545,1.0
1101,-2.369001063617147,-2.6480873743765803,-0.18259380722069668,1.0
1102,-2.354448352569646,-2.552008276695133,0.0021259092047934093,1.0
1103,-2.079313229125381,-2.976933782510587,-0.4505962029833475,1.0
1104,3.537962775444504,1.2976669157142509,-0.9350676005684596,1.0
1105,3.511095720176108,1.3730671087049795,-0.6760422965408641,1.0
1106,3.780544037368289,0.8232285607850302,-1.0896902437899967,1.0
1107,3.6440173026572076,1.0729319471454495,-1.060465469290967,1.0
1108,3.6280274722575836,1.176258553352007,-0.8216558102181374,1.0
1109,3.55553361214601,1.1452708902767905,-0.8883159196810055,1.0
1110,3.605656105295077,1.3140590270680568,-0.673142769900094,1.0
1111,3.6483382228877144,1.1544727834987438,-0.7321503712110546,1.0
1112,3.582294021143457,1.0982347771854966,-0.9220087566148003,1.0
1113,3.7006485512562453,1.1879631682473595,-0.9124131688407765,1.0
1114,1.0405803880935258,-0.5630338660204509,-0.41296236883516746,0.0
1115,0.3658071838786932,0.16999415697791517,0.29974337281885877,0.0
1116,0.2155474279972474,-0.23884269229589564,0.856740057891572,0.0
1117,0.5261052472197703,-0.2503749628121201,0.55414691891516,0.0
1118,0.8460562517767358,-0.6833172553430369,0.0909447513680557,0.0
1119,0.5421501774072585,-0.4531759195600203,0.7262536555722795,0.0
1120,0.3439106641367854,-0.1677845527023516,0.7455311497437791,0.0
1121,0.33511656302332843,-0.21819215415448548,1.0204293812197731,0.0
1122,0.51656003805482,-0.30127883246631315,1.1993620113347039,0.0
1123,0.6232308774301707,-0.1699059144523617,1.2602083179587575,0.0
1124,-2.464532574556444,-0.7250852326389063,-0.28077809111974056,0.0
1125,-2.3708577253111236,-0.726925104740738,-0.3339159194402872,0.0
1126,-2.383613874435186,-0.8470571014556996,-0.5029734929204318,0.0
1127,-2.3905470535295827,-0.9164177010210585,-0.45586929239741786,0.0
1128,-2.3145971467347,-0.7415063013881156,-0.47088223515940253,0.0
1129,-2.3319010053427673,-0.6616742320087952,-0.381785982232615,0.0
1130,-2.3479313931345582,-0.7433173585903496,-0.4057759028206745,0.0
1131,-2.3773634048628023,-0.6184544607261493,-0.21014792011969213,0.0
1132,-2.3502369957034377,-0.7549615245823196,-0.30321406880785,0.0
1133,-2.394135531328988,-0.7924270300920746,-0.3807066937828798,0.0
1134,-1.159388081537373,-0.32850403943043577,-0.02046789372110083,0.0
1135,-1.2381341163774513,-0.38256649934452297,-0.5430517235175942,0.0
1136,-1.2388783444596485,-0.4401374806351651,-0.20873013527810244,0.0
1137,-1.2948748515096369,-0.07811445897812883,-0.039999700770351025,0.0
1138,-1.2166469967516147,-0.2845442046785916,-0.19424013088843037,0.0
1139,-1.1235416274771672,-0.27177656207753303,-0.1905170109966959,0.0
1140,-0.9306019962858809,-0.8470551834007691,-0.6308161069431429,0.0
1141,-1.1364822041875247,-0.4224407196529371,-0.359578694574032,0.0
1142,-1.159206791540686,-0.27232257399393317,-0.1074230830551347,0.0
1143,-1.0868198397032744,-0.45138238991034246,-0.19409433454915684,0.0
1144,-15.05914076681418,13.067278191811141,-14.203146096312068,0.0
1145,-13.254138411562192,11.842014156258239,-12.63021568655039,0.0
1146,-13.852480937063532,12.018524456608175,-14.27009954955646,0.0
1147,-12.913248354685823,11.517481833151715,-12.95565980707162,0.0
1148,-13.478994813019739,11.649527519220445,-16.731315520702324,0.0
1149,-13.001791338179062,11.492579658086234,-16.877392232470577,0.0
1150,-12.846853687999971,11.284424383143772,-16.738060318478446,0.0
1151,-13.12493518377366,11.29561370895524,-18.201372319014613,0.0
1152,-13.028279400659395,11.0723714725787,-18.80262649876702,0.0
1153,-12.590184753037038,10.837281558514794,-16.98884024386333,0.0
1154,1.8926759268066207,-0.03465911147355816,-0.37989478058588955,1.0
1155,1.8268631965201443,0.03559976790972011,-0.3833965411494552,1.0
1156,1.9260227620287196,0.03156756676156155,-0.2664272237596002,1.0
1157,1.9118930517190813,-0.11658126202945153,-0.3240941368372573,1.0
1158,1.9173894317789784,-0.07003290059312091,-0.4431121263369706,1.0
1159,1.9093237550284308,-0.08828993348908107,-0.5870126539137046,1.0
1160,1.9893906234499228,-0.13858993006786985,-0.4466468121400952,1.0
1161,1.982066287106718,-0.13330092650092157,-0.22183788982763655,1.0
1162,1.889943413313589,0.0073850742477982595,-0.16465460906287901,1.0
1163,1.9945262274986377,-0.08972312138587657,-0.27542502856237444,1.0
1164,1.9959220278375627,-0.08343937170237203,-0.3111245873834895,1.0
1165,2.8315442048858346,2.2552940280755878,-0.5873658128458277,1.0
1166,2.6886934718663653,2.6340369854371373,-0.6269241944845411,1.0
1167,2.7253913685730042,2.2110795418642297,-0.4520404649947572,1.0
1168,2.946817874730534,2.3108669980209724,-0.8612230488329926,1.0
1169,2.5779851218488634,2.61496224360596,-0.7478103893288429,1.0
1170,2.5497473448692722,2.309148943102157,-0.5441837892977316,1.0
1171,2.830118852134722,2.5240468751240113,-0.8713998621235046,1.0
1172,2.620171814608141,2.529772735041798,-0.7244624415247095,1.0
1173,3.114061212648024,2.3946842140375257,-1.1335794219633772,1.0
1174,3.0810049395677463,2.8700091030151427,-0.3105698118187136,1.0
1175,0.35928303686592256,3.079019391771928,1.33957037586675,1.0
1176,0.5218505505197856,2.581771602892986,0.7083658222871151,1.0
1177,0.5462510405622597,2.4913637534527453,0.6551344448594282,1.0
1178,0.554949801802899,2.4697488109977965,0.8483845728678391,1.0
1179,0.5053009321354269,2.732403184106623,0.8905040901494449,1.0
1180,0.627393491473142,2.3531994879458975,0.6783503232385792,1.0
1181,0.6386217406032542,2.732402816668213,0.8249027460372287,1.0
1182,0.6282235116116399,2.6499502176589087,1.1003751624868936,1.0
1183,0.5623344136540853,2.708240574453099,1.0573406779180454,1.0
1184,0.47104619174103457,2.81168103647788,1.2840040153499237,1.0
1185,0.48632468292676856,2.4591496894851654,0.46586317311569037,1.0
1186,-6.8007266164677835,3.8991685084845673,2.165653096201596,1.0
1187,-6.824407200553742,3.940165822510158,2.1236881774586114,1.0
1188,-6.829963110545473,3.918367259014669,2.258495633140985,1.0
1189,-7.0182319934508115,3.896359495532114,2.1956730992177502,1.0
1190,-6.932467748149685,4.216142769754182,2.5812717851307942,1.0
1191,-6.594711925519438,3.3446385656989004,1.7708892472899997,1.0
1192,-6.842443693125427,4.083493849260926,2.3870794885146367,1.0
1193,-6.850604496063228,3.9971064348393828,2.303678502832369,1.0
1194,-6.810101236931258,3.8149261773118837,2.2120744699188384,1.0
1195,-6.91391565138852,3.8776808150422895,2.255158216756707,1.0
1196,2.3883194521321527,-0.07881313949867458,0.45655160971671066,1.0
1197,2.3555484471651407,-0.060734183975809986,0.3706705376393955,1.0
1198,2.345124349516381,-0.04695104897410512,0.45558928427494033,1.0
1199,2.3629336569823525,-0.0584029701465088,0.46437609366025445,1.0
1200,2.3869753638889257,0.012533969500878345,0.48181514217543436,1.0
1201,2.3997495480136477,-0.10271453402118037,0.1114581199075563,1.0
1202,2.3677634002556927,-0.06927877500254172,0.44546199546760074,1.0
1203,2.3172876472802812,0.004645107951992844,0.47051020141367617,1.0
1204,2.3891067898116685,-0.11299373052352366,0.40046219714719306,1.0
1205,2.3765037679441403,-0.0755377293174478,0.4189849160676123,1.0
1206,-1.6080271212429285,-0.34191963538272574,0.9656729255662178,0.0
1207,-1.4966278241165758,-0.6452697076293369,1.2495749740702933,0.0
1208,-1.6100715550505804,-0.22692529289223914,1.458715308738716,0.0
1209,-1.687663080753642,-0.4820507094710808,1.552188929224671,0.0
1210,-1.785844326021451,-0.06281241917188156,1.7465796839921544,0.0
1211,-1.7312694717328672,-0.1618218410621776,1.8250177540026231,0.0
1212,-1.7787146860782233,-0.24958306202330233,1.6370862021419637,0.0
1213,-1.806694088855496,-0.3182093541884359,1.549100004717709,0.0
1214,-1.4827537738373713,-0.4855046763633826,1.307707749214212,0.0
1215,-1.6168183694314,-0.20693757019212256,1.4438315140810103,0.0
1216,9.625680179187915,3.0420980232173855,3.1516757582834134,1.0
1217,9.6205684011133,2.9037562308782627,3.0819527877037682,1.0
1218,9.600518359595851,3.0768341755476265,3.1715514039035226,1.0
1219,9.558145564729688,2.8952378274293222,2.799524144130182,1.0
1220,9.647635867693468,2.883022620370992,2.807880070616929,1.0
1221,9.603865104128753,3.044390141743541,3.200309537323741,1.0
1222,9.684964288143336,2.8746885742299755,2.9213116785248734,1.0
1223,9.602419375161691,2.868437147648357,2.841675508085761,1.0
1224,9.635383472973183,2.906205551707704,3.052436189471323,1.0
1225,9.64568404787852,2.900149994278546,2.9708753899378797,1.0
1226,1.440679409608633,-0.2731907469773354,-0.5998234006437305,0.0
1227,1.4302784964464712,0.06095152725312625,-0.9910574860532102,0.0
1228,1.4153518071688853,-0.31933350531974336,-0.8024205847140111,0.0
1229,1.420293880963275,-0.17499879291964934,-0.7614376181374803,0.0
1230,1.389918756637282,-0.22190719870586495,-0.6793973482474899,0.0
1231,1.3777960801066693,-0.042692260002588744,-0.6134043538168016,0.0
1232,1.4546265790472868,0.08343811799515015,-0.35654552407569184,0.0
1233,1.3971303889559903,0.0010328567203343215,-0.464520547604151,0.0
1234,1.3787315936764217,-0.02794145328823926,-0.4535422585165993,0.0
1235,1.3722404063018447,-0.10904365994112819,-0.6389936933960756,0.0
1236,2.5914024508961453,0.6339909423631854,-0.6515986326596187,0.0
1237,2.566916827648286,0.4823826240561478,-0.8354501199161776,0.0
1238,2.567069911470681,0.4858268983960964,-0.8079942976322189,0.0
1239,2.676494689603595,0.5044212406072339,-0.5131412774951342,0.0
1240,2.8169022321378145,0.16492524880584825,-1.2685590035171426,0.0
1241,2.5956762070339017,0.5176732129860042,-0.9020901716576635,0.0
1242,2.594577883433125,0.6249000407990791,-0.7215262200248242,0.0
1243,2.5197687709665137,0.47932127784350537,-0.8059408015531729,0.0
1244,2.5405615303063933,0.7151422420722102,-0.5613485158402322,0.0
1245,2.598208976484352,0.6105394307271939,-0.5912076813400459,0.0
1246,1.320072583713625,-1.8643508685066121,-0.5150985618823126,0.0
1247,1.130907810269829,-1.6545050062052489,-0.3497217831140651,0.0
1248,1.2046019716408245,-1.6349412067075246,-0.6663249415074599,0.0
1249,1.1872409553705614,-1.7394751440484895,-0.20800918990542372,0.0
1250,1.2800892274024096,-1.814889642916706,-0.4542057202869226,0.0
1251,1.1003438228949356,-1.707735671020528,-0.4743255922798708,0.0
1252,1.1943825778156112,-1.4955802061741097,-0.2779745120777106,0.0
1253,1.1218333803706075,-1.709925805075868,-0.4121314686826609,0.0
1254,1.195921791909572,-1.5763158660788874,0.01624750384318362,0.0
1255,1.1739528087814746,-1.745251923606296,-0.17926377447685435,0.0
1256,1.27788884050454,-1.9168237421154968,-0.23765263149450835,0.0
1257,1.175584279558639,-1.7100072193151739,-0.24907688853532906,0.0
1258,2.7762244307012733,-0.8491823053409344,2.073635062621421,0.0
1259,2.9330709799295995,-0.8133362252478739,1.8403605683611024,0.0
1260,2.9925288879196548,-0.8177809060337559,1.5510050681242462,0.0
1261,2.9580112193785397,-0.6471384410235861,1.652085654697872,0.0
1262,2.9142084262270633,-0.5712025214210921,2.0344256397906517,0.0
1263,2.894588464236435,-0.7821523177614707,1.8566677445976003,0.0
1264,3.1721785026204756,-1.287589594303979,1.3291734477275041,0.0
1265,2.769256688436144,-0.7177342800708961,1.6498522230568031,0.0
1266,-3.244553563339724,-1.1958811263720903,0.7381102656693046,0.0
1267,-3.193350503924957,-1.3341113323601637,0.6889508658532797,0.0
1268,-3.265522059441708,-1.2403659769281237,0.9150801654228399,0.0
1269,-3.2089118569972963,-1.5407650228998802,0.6939478037959824,0.0
1270,-3.2409310763206904,-1.281213162366048,0.8592488157876891,0.0
1271,-3.2144381298986575,-1.3217249620831588,0.7694612218595362,0.0
1272,-3.268205832674839,-1.4709044352480356,0.6320001480784597,0.0
1273,-3.1457509134774972,-1.448451018178412,0.6583148843700392,0.0
1274,-3.2293266349546537,-1.3299952830811124,0.7320631272148622,0.0
1275,-3.1743737692376968,-1.2357005086243027,0.827600937440479,0.0
1276,-3.242819571126123,-1.4932631314861649,0.79229906334442,0.0
1277,-3.1913061863728998,-1.376388011673843,0.6877177229183373,0.0
1278,-7.909425245029084,4.518577947887591,4.537651220310291,1.0
1279,-7.276832411735891,3.658367662646572,3.583187005932931,1.0
1280,-7.319062404926421,3.833219889847115,3.7108394139338956,1.0
1281,-7.309703755816409,3.879802082733845,3.3654730174579988,1.0
1282,-7.46694696425746,3.603433335339431,3.6142711843625364,1.0
1283,-7.378999720184284,3.7624558118615843,3.9755447980811187,1.0
1284,-7.131556174940525,3.594121148076391,3.4614001149621334,1.0
1285,-7.18578478365893,3.7830498270595245,3.996005181784304,1.0
1286,-7.008058241187373,3.8709268644008867,3.8878544903007537,1.0
1287,-6.874551286961731,3.1679888608591793,3.054748795990851,1.0
1288,-2.5856599208063535,-3.5222251984807644,-0.313732508066273,1.0
1289,-2.55244346845903,-3.5840746856246253,-0.2702862062878501,1.0
1290,-2.5833719951865968,-3.5542732374679424,-0.3197165347991448,1.0
1291,-2.4563762946636554,-3.707611214674865,-0.06276298122510175,1.0
1292,-2.6409924366977795,-3.4117813961473566,-0.21074759773251672,1.0
1293,-2.5107151993267207,-3.4214212705910603,-0.24746363921657497,1.0
1294,-2.563709115801647,-3.4319866052364127,0.0022104261944967483,1.0
1295,-2.6010916103401076,-3.578830862099989,-0.12752614065264883,1.0
1296,-2.4601294986099798,-3.599531958790672,-0.47955547194264847,1.0
1297,-2.4822242660786973,-3.771980029469031,-0.31412848999895726,1.0
1298,4.272295681992757,0.9496038532696718,0.3631805088188532,1.0
1299,4.2495354923928454,1.0933978250702656,0.5496001305893181,1.0
1300,4.2270897511417065,1.0343271711738382,0.38649370750261847,1.0
1301,4.181451771918026,1.102155565447751,0.5561550068354841,1.0
1302,4.299585514565654,1.1191394183428722,0.5773252300091759,1.0
1303,4.1906445486545,1.3739924157880659,0.839154691830656,1.0
1304,4.218267941939752,1.429552924428123,0.6514280470257452,1.0
1305,4.266432735623134,1.0850227484683348,0.4461913887094756,1.0
1306,4.190431641260105,1.3209863699999334,0.6930769346466079,1.0
1307,4.029549318052653,1.2599956769103398,0.502751589656579,1.0
1308,0.06200040562633363,1.5776507096626595,-2.6656278760507295,0.0
1309,-0.012341557263455908,2.1065880171347846,-3.1323082227670533,0.0
1310,0.21276198096091561,1.889178697338264,-2.636744871380342,0.0
1311,0.2096486544748567,2.1878108271836547,-1.8504670994465393,0.0
1312,-0.01315363769926902,2.174200793148527,-2.097472627799932,0.0
1313,0.21381011989363388,1.6693304808418052,-3.0363589109886515,0.0
1314,-0.11341372767466609,1.8989023697190885,-2.389574287610157,0.0
1315,-0.10485322941915243,1.9375903486493966,-2.2109801031928717,0.0
1316,-0.3321446537841098,1.8689203015303548,-2.227226823855472,0.0
1317,-0.25453311749220037,2.1565732782761535,-2.2618093196729503,0.0
1318,-4.695094599032344,-0.3719947516260436,1.1053603709800648,0.0
1319,-4.650883918377675,-0.2913671938135041,1.5549734055618307,0.0
1320,-4.413378555034382,-0.3541705906198556,1.1001161684834657,0.0
1321,-4.312868395209341,-0.5117527521001074,1.0643585795603214,0.0
1322,-4.420391536251445,-0.391136797953439,1.1137989477340429,0.0
1323,-4.4884993041202765,-0.31165650331974803,1.0620189965141533,0.0
1324,-4.3776801400709635,-0.2822065159517203,1.0174810694319572,0.0
1325,-4.367244613677585,-0.28402055474162635,1.0250556288156856,0.0
1326,-4.415010571795144,-0.298513551099378,1.1643182780383496,0.0
1327,-4.292905990451622,-0.20881272747312707,0.8764450632455456,0.0
1328,-2.0055188532268344,-2.1053400179576287,0.41724380305888864,0.0
1329,-2.0214843948921404,-2.0719046930807217,0.2784843341642894,0.0
1330,-2.0676793107061275,-2.159372962515977,0.23286782641310477,0.0
1331,-2.0375487985347993,-2.165440810096992,0.2772148594176631,0.0
1332,-1.9563534976943873,-2.1016563313514167,0.1843281522919711,0.0
1333,-2.0428705927333564,-2.0420703211393145,0.38820402879659677,0.0
1334,-2.027900434163653,-2.082270101806682,0.38430055184947165,0.0
1335,-2.0673138275794765,-2.1200377527653678,0.14348157571219972,0.0
1336,-1.9324976631099702,-2.1819076579257684,0.14575207297341544,0.0
1337,-1.9866304647680684,-2.129514343261967,0.22125809376539768,0.0
1338,-6.085964856949436,1.398631501412455,2.932764212649675,1.0
1339,-5.8545573294540425,1.541612565482875,2.518316000121593,1.0
1340,-6.01283459809846,1.240500435254248,2.4983706538856136,1.0
1341,-6.133065257099456,1.5703931314005033,2.7796458853589074,1.0
1342,-5.679065827038431,0.7751100668361781,2.2278524144444596,1.0
1343,-6.064953646992071,1.2217882591467708,2.2641389518188446,1.0
1344,-5.847457624737706,1.0125634499007656,2.096691129551382,1.0
1345,-6.125725393759881,1.143242253347784,2.934976079809953,1.0
1346,-5.844060510247176,1.0977644764737184,2.60838214866574,1.0
1347,-5.950389081815794,1.0945863378364185,2.5522003670611997,1.0
1348,0.37007690140738614,-2.663039593870927,-0.9311049696191529,0.0
1349,0.1035357386634569,-2.6130633362042257,-0.5068248094388984,0.0
1350,0.11338762155612922,-2.883352856816824,0.08121861273878951,0.0
1351,0.2941390237618827,-2.817429415821677,-0.14569977101738268,0.0
1352,0.22166162810328968,-3.1424900368778004,0.05743997315961723,0.0
1353,0.06397447576871754,-2.7226390049735225,0.0012534989833295283,0.0
1354,0.2656972825032325,-2.8344036410760465,-0.5928875798262847,0.0
1355,-0.17846604311381845,-2.710927851097961,-0.48624687677126516,0.0
1356,0.2330524111361234,-2.790365999559531,-0.9405741343228972,0.0
1357,-0.02806950834782188,-2.657784337815936,-0.7933396229619746,0.0
1358,0.06603938567460964,-3.277014400032091,-1.158418234133545,0.0
1359,-0.1817761321641267,-2.871351185124642,-0.7121871051551282,0.0
1360,-0.2700742363353698,-2.8549294009914146,-0.85612912264094,0.0
1361,-0.24888361186008626,-2.872530904802546,-0.6986865123413508,0.0
1362,-0.2696794387594412,-2.9879157232191678,-0.7616549511151371,0.0
1363,-0.3019649694849727,-2.9176933064892268,-1.0270566416795834,0.0
1364,0.023055522587720024,-3.1843724986951436,-1.3923667130166113,0.0
1365,-0.22808086100562935,-2.734069446711538,-0.8681035680336818,0.0
1366,-0.179224315575875,-2.898670359938908,-0.7558641560212797,0.0
1367,-0.17464697789647926,-2.8459465836467586,-1.166999791208367,0.0
1368,2.202544527979004,-2.5904757485096788,-0.8245215996656767,0.0
1369,1.9986912041022125,-2.230486253991868,-0.5343808874079529,0.0
1370,2.0009218791065146,-2.1711830403942125,-0.3568099741987442,0.0
1371,1.9654469331626696,-2.137032018791716,-0.2999963321186254,0.0
1372,2.038763926916764,-2.2895064572362585,-0.42105159204089887,0.0
1373,1.9940819201669755,-2.224295443249069,-0.5455844125426655,0.0
1374,2.021288099068709,-2.2774358830758286,-0.5196262150930729,0.0
1375,1.9190406644750406,-2.143190951840366,-0.3136152038470136,0.0
1376,2.2587305594075766,-2.563377369996549,-0.8338898177411058,0.0
1377,1.976375728557227,-2.227432020832376,-0.3510954285650306,0.0
1378,0.5326252027871354,-0.3916253474154323,-1.3248173206023868,0.0
1379,0.48774257917924496,-0.3805190274211975,-1.2510585428391165,0.0
1380,0.504251311154195,-0.38076965852101663,-1.2558351963668062,0.0
1381,0.5051743033357727,-0.35704956478865707,-1.361571561723171,0.0
1382,0.5128240522798707,-0.22111957898128082,-1.1993475791114603,0.0
1383,0.5312701875898813,-0.25834134448215595,-1.2428593972743587,0.0
1384,0.5336648709892602,-0.5030621831262431,-1.3994095038384526,0.0
1385,0.8036300962263848,-0.8149414715836404,-1.7908549729757173,0.0
1386,0.7503990542781676,-0.7616525221180825,-1.7858559532663671,0.0
1387,0.560510605601249,-0.2582302325688097,-1.2461571046373463,0.0
1388,-0.8545409731260315,-1.3507697943797092,-0.46399142607545674,0.0
1389,-1.0734353106191579,-1.1093707454861241,0.39211847099480546,0.0
1390,-0.9542216226860348,-1.0654573281898037,0.11507846232404514,0.0
1391,-0.8999804520338247,-1.0172831901860286,0.033875599012631596,0.0
1392,-0.852709975836805,-1.1598791496127643,0.05527425881009475,0.0
1393,-1.069161409295887,-0.9874633744786886,-0.07968558224666261,0.0
1394,-1.0939899931675567,-1.0051798578522142,-0.13773393568376371,0.0
1395,-1.0542188981694391,-0.8701381203853674,0.14153398410270135,0.0
1396,-0.9825609130609438,-0.9662495455730709,0.2897047596733894,0.0
1397,-0.7927951453899797,-1.353144446675952,-0.2524091412931938,0.0
1398,-1.4188779302970518,-0.4485620754877783,-1.5757939724745424,0.0
1399,-1.260136218202383,-0.7625772546921421,-1.4266847066598036,0.0
1400,-1.3784611465329784,-0.4370927169374536,-0.6787192566830212,0.0
1401,-1.4082035169144231,-0.3315511660885448,-0.8315471827133356,0.0
1402,-1.3792803568287728,-0.4626335846313053,-1.0834622060717287,0.0
1403,-1.3488481892459863,-0.42104098479884866,-1.084780625325879,0.0
1404,-1.4375620005429126,-0.35684802470228033,-1.1223201394809807,0.0
1405,-1.35049265461136,-0.10526955115886766,-0.8991146546058597,0.0
1406,-1.4463596211185632,-0.49143807189544636,-0.9767928024639552,0.0
1407,-1.2486502544149336,-0.3159791445045414,-1.4698209129047881,0.0
1408,3.379679981180267,2.641348252786008,-1.0055422724962708,1.0
1409,3.3396445709020397,2.710450227342049,-1.1801173239515388,1.0
1410,3.456574278406646,2.6836059566003088,-1.0072497988950901,1.0
1411,3.3636817163172656,2.6924289929372214,-1.150332166425005,1.0
1412,3.2420381719184945,2.6934719421436553,-1.3964931710789392,1.0
1413,3.3231212276019524,2.6725355962591837,-1.0383488885751941,1.0
1414,3.3300677068076427,2.544176097133756,-1.3091766874531443,1.0
1415,3.272948688085278,2.9090018158504596,-0.6981528211582736,1.0
1416,3.381245755100532,2.685544260814367,-1.2169587147171093,1.0
1417,3.3491961465826865,2.9164632305813885,-1.1530187116019273,1.0
1418,-2.8087259885885882,-3.2180545658415536,-0.33536136322189153,0.0
1419,-2.7817232751229812,-3.0773651222415523,-0.13625361740390604,0.0
1420,-2.784150836759323,-3.223282961009344,-0.31582086043296764,0.0
1421,-2.8601440424617075,-3.26760018983012,-0.5427546331880272,0.0
1422,-2.8100147762833543,-3.256691001156201,-0.431803480743633,0.0
1423,-2.7829060963708288,-3.2733221082607296,-0.4524868840432595,0.0
1424,-2.813877594780698,-3.0161049990298765,-0.07043057609074443,0.0
1425,-2.7984080600875707,-3.111952523762428,-0.21582985393229273,0.0
1426,-2.8936294561320954,-2.9818824506410384,-0.04486937120879303,0.0
1427,-2.8076152497390767,-3.2172505358210706,-0.2530360072286243,0.0
1428,-3.3966551356962635,0.535266928429542,0.043097168550043474,1.0
1429,-3.76098196342887,1.0349585711706675,0.38916530893598567,1.0
1430,-3.761924582498695,0.9727825314885159,0.8504412152794519,1.0
1431,-3.807188836108161,1.0687989530745399,0.5964358300278608,1.0
1432,-3.854236814860071,0.9267016762047129,0.5189423215873291,1.0
1433,-3.5301855211519664,0.5712780341839147,0.21764823357726612,1.0
1434,-3.7202594119656283,1.0109580862503476,0.6226185122180842,1.0
1435,-3.795702956569868,0.8353742137866488,0.3065730280312479,1.0
1436,-3.764640570033071,1.363139445232526,0.733254068492671,1.0
1437,-3.723272421669002,0.9395275319953657,0.4935216050897507,1.0
1438,1.7335503916738122,0.10903542386113314,-0.22687073090109247,1.0
1439,1.7025151254260011,-0.001177944470659487,-0.2230277466633126,1.0
1440,1.734215422337141,0.1417331790960338,-0.4092350403572188,1.0
1441,1.8560299850374948,0.15948802981485732,-0.591659263869618,1.0
1442,1.7169523433888698,0.0730985049559741,-0.36632019388925,1.0
1443,1.733668405895597,0.028431508814088093,-0.4532495764223722,1.0
1444,1.7875712165021993,-0.011673052462615978,-0.277012609305101,1.0
1445,1.905907995839557,0.0016049345649144606,-0.5378624425270204,1.0
1446,1.9431326770181145,0.07349327847699437,-0.22126758259666116,1.0
1447,1.8579035580537286,0.0005110377999352384,-0.43245991876723006,1.0
1448,-0.03733032543651347,1.4446396232368097,0.1746562898113486,0.0
1449,0.9095362728667792,1.1766535509190659,-2.6927514179095353,0.0
1450,0.2749974155064453,1.5069782693231843,-1.9919264472469225,0.0
1451,0.008269578928133332,1.5217762414295746,-2.148976005625492,0.0
1452,0.5261573600029791,1.5185563163429898,-2.5860037051774296,0.0
1453,0.013100712708035905,1.0443345117495855,-2.702417006104966,0.0
1454,0.005614173911662801,1.5364979047351124,-2.139530583982809,0.0
1455,-0.3040424529881288,2.17306503888498,-0.7725560943543368,0.0
1456,-0.44432158676427436,2.217317299139693,-0.3071467955935348,0.0
1457,-0.17591360971916759,1.6899369243652311,-1.2631783508351924,0.0
1458,-2.899278740764691,-1.877500937532742,1.7610346282799716,0.0
1459,-2.841555735230646,-2.0525124499603447,1.3699446739452763,0.0
1460,-2.811973826807829,-2.194401844608458,1.5213012898314304,0.0
1461,-2.846412088379757,-2.258396688136296,1.2823881202544432,0.0
1462,-2.7755112520310403,-2.1101407277707227,1.622822265014096,0.0
1463,-2.8423633120148546,-2.203322462778648,1.1636472221294667,0.0
1464,-2.7682798939090927,-2.229763781844724,1.403019043630577,0.0
1465,-2.8133207349019758,-2.1773849844379227,1.4263068459251755,0.0
1466,-2.790857371002391,-2.0834345134319516,1.5736808406119291,0.0
1467,-2.736467368460234,-1.9779908949492133,1.4628364044697062,0.0
1468,1.30711580791518,-2.106398120678744,-0.5961482034904036,0.0
1469,1.246473707310089,-2.2038654016382795,-0.6091520825344198,0.0
1470,1.2410154490295668,-1.981234667604878,-0.39979746461717597,0.0
1471,1.308423929140927,-1.981200414885625,-0.38751713353410083,0.0
1472,1.3281049008605192,-2.190151263348248,-0.5799634141996087,0.0
1473,1.3162712316303498,-2.2312044297728115,-0.5295736576696051,0.0
1474,1.278231378206047,-2.1850996123768986,-0.48946376539078434,0.0
1475,1.3071661184298782,-2.038078912285003,-0.40792310020230244,0.0
1476,1.3018725523718555,-1.895913736590662,-0.2885540153768224,0.0
1477,6.988226852547036,2.0899509856065874,-0.0724215487433708,1.0
1478,6.986748383836063,2.291837708214455,0.05721036662651611,1.0
1479,7.021778557676021,2.058459821714299,-0.06930680058693538,1.0
1480,7.019751880803669,2.0248343176599826,-0.18821610761495422,1.0
1481,7.019038002738813,2.078696206228988,-0.15448081366380076,1.0
1482,7.008639935139812,2.057554660822015,-0.09220948225719644,1.0
1483,7.0239143015766645,2.0640350837177794,-0.28790354848523786,1.0
1484,7.00774988020972,2.29154819373397,0.04126153617055135,1.0
1485,7.008922158495581,2.1713101032006343,0.021231632899908696,1.0
1486,7.0385204233131065,2.0615669578906295,-0.08768557156444483,1.0
1487,12.053738391663147,6.261811917749149,2.235278153578075,1.0
1488,12.16795990549368,6.063107955816083,1.9784960006564807,1.0
1489,12.490983993747225,5.948707544222129,2.4421222449213795,1.0
1490,12.160758087762282,5.6168791840904895,2.4392558490583336,1.0
1491,12.154782588538568,6.073645753829932,2.1112544554775994,1.0
1492,11.93579018391444,5.936897691322843,2.486768653265733,1.0
1493,12.865657379604876,5.935616699384281,2.495517740007031,1.0
1494,12.568922262657845,6.28408336152203,2.962577484894352,1.0
1495,12.88538168958823,6.107457245667602,2.6727426946205193,1.0
1496,12.689400850238178,6.167644393324211,2.386807870616055,1.0
1497,2.7333870488894307,0.13422018621470025,-0.4061111452711521,1.0
1498,2.6601088518792713,0.0969977235397166,-0.22982552772467796,1.0
1499,2.5834926399409457,0.018036482402381013,-0.5935863641431085,1.0
1500,2.5934193704732786,-0.158010594178843,-0.19797593959588364,1.0
1501,2.5799751464136365,-0.06855221372255124,-0.40427485217371445,1.0
1502,2.633834482214791,-0.04296443427559093,-0.5638617863241702,1.0
1503,2.6449198992832423,0.1198288902676446,-0.2934850434713331,1.0
1504,2.661026869168914,0.0712881116579818,-0.5571959861775316,1.0
1505,2.8271618366473428,-0.2590056437128767,-0.737643752282027,1.0
1506,2.704666671247905,0.07653001999448758,-0.36466685215742894,1.0
1507,0.8730223128136272,-2.36975022767126,-0.5805970459632257,0.0
1508,1.1179345063874009,-2.5471396604050316,-1.4918179748832578,0.0
1509,0.8464249750280436,-2.2107604106469796,-1.0799618552187638,0.0
1510,0.8620327673527975,-2.290883547489663,-0.7301545526568205,0.0
1511,0.836652262111291,-1.9160053658547473,-0.728969138793962,0.0
1512,0.9230919850620359,-1.967589808371801,-1.294779230396215,0.0
1513,0.836593389926833,-2.075973086067808,-0.8919478433594851,0.0
1514,0.8592622480908807,-2.118240398328669,-0.9205705877595078,0.0
1515,0.865635813465015,-2.0679359855494677,-0.8483309819312618,0.0
1516,0.694457271845438,-1.9704303256309685,-0.6482935531375602,0.0
1517,0.9363035762626984,-2.2200344774520064,-0.6119096936602106,0.0
1518,-2.2537610011439453,-2.3263317841708844,0.27435200639725393,0.0
1519,-2.2575026115847328,-2.244875894592511,0.5019586151236477,0.0
1520,-1.9549322406417742,-2.8705000226448556,-0.06326559307387142,0.0
1521,-2.2138764529304775,-2.28089065753992,0.48514349971099363,0.0
1522,-2.2752544915631465,-2.4327318027514764,0.506144956656855,0.0
1523,-2.223947285784924,-2.414315083088224,0.37102927698863397,0.0
1524,-2.1989952704077256,-2.407426768467052,0.2774234740834414,0.0
1525,-2.174313664466673,-2.480959558360473,0.3081412024690833,0.0
1526,-1.9644990425073208,-2.7855848042707967,-0.08944518157040057,0.0
1527,-2.2538025596095443,-2.3090659950718635,0.6226785022834279,0.0
1528,-4.278544124187354,0.4553841201667809,1.2862412051256251,0.0
1529,-4.150152534627824,0.2816835191960797,0.9842375530835629,0.0
1530,-4.166971330684421,0.4631662277258433,1.3739459315762308,0.0
1531,-4.454006264209103,0.5437684197823686,1.5149558904814908,0.0
1532,-4.313614950807686,0.6337998896423072,1.087011018032163,0.0
1533,-4.2920315128229145,0.42134118490084366,1.1149283419231728,0.0
1534,-4.293630066508956,0.41763025598403664,0.7608507902611289,0.0
1535,-4.229408867852038,0.39240894914995555,1.0448267698371174,0.0
1536,-4.314267088455581,0.5526621574711483,1.058131406445843,0.0
1537,-4.25846203074035,0.23487158954196521,0.8378778728599834,0.0
1538,0.5301703328672653,1.6895560811837638,-2.5389698516471775,0.0
1539,0.48900560996969944,1.5224513756406155,-2.7320856270006524,0.0
1540,0.5404162631090265,1.5294108646932387,-2.669430869238327,0.0
1541,0.5365433004527206,1.5390509903876886,-2.6782353139758297,0.0
1542,0.5499543765218651,1.466866380715583,-2.6601952377093423,0.0
1543,0.47756690875910013,1.6052784602607664,-2.7316728599282247,0.0
1544,0.46707828931892054,1.6049061352489973,-2.700037515999044,0.0
1545,0.42050315113816833,1.4616908252552723,-2.9214407969041702,0.0
1546,0.41004112802456605,1.5524673418631971,-2.755080188372403,0.0
1547,0.41272405094981485,1.4873812010636178,-2.8553573732106017,0.0
1548,3.9297517527719115,-0.5548684094883963,1.410873625838797,0.0
1549,3.902171238288769,-0.5088849004684911,1.5179047350226307,0.0
1550,3.922942801323117,-0.4201279402248142,1.3549284649695121,0.0
1551,3.8315697078908206,-0.598476394776479,1.1976056922650096,0.0
1552,3.816715703321626,-0.3449141823740049,1.5618153844271627,0.0
1553,3.8832237617382863,-0.5387525460956855,1.5187242983895908,0.0
1554,3.6622388233408594,-0.6282482800169024,1.3182154856117188,0.0
1555,3.7967377173959145,-0.5090502415960053,1.3753377497902823,0.0
1556,3.8151147495577433,-0.32920758898560926,1.505667198738097,0.0
1557,3.7759471114178838,-0.5450679226667434,1.347397263398482,0.0
1558,3.7175414193214436,-0.5375505829396947,1.3072416607382953,0.0
1559,-2.0458237825422168,-3.038140158865202,0.16099538342995476,0.0
1560,-2.0418126562061216,-2.9686100860474394,0.20665706172167553,0.0
1561,-2.0007259633455705,-3.0526419920217562,0.07935743329013259,0.0
1562,-2.013883694490642,-3.1300314653669252,-0.07129741282204928,0.0
1563,-1.6987828782149446,-3.4837941448352625,-0.36232898591254487,0.0
1564,-2.008473526738787,-3.0510663286004247,-0.0788219441475987,0.0
1565,-2.031442514311421,-3.0951104769584727,-0.09316415793813435,0.0
1566,-2.0035492304296167,-2.9450360917906724,0.2105916624480592,0.0
1567,-2.000770449437027,-3.078330898089278,0.09723082470717531,0.0
1568,11.950474916609643,3.776716399447929,3.136904800870213,1.0
1569,11.696181855306778,4.175813894076322,3.4047574350879306,1.0
1570,11.699587796526183,4.166330059704513,3.408730707243693,1.0
1571,11.799290659183663,4.1285571770895135,3.3976851459621598,1.0
1572,11.839805448176074,4.238248749796597,3.5911796906456566,1.0
1573,11.803707888738316,4.203683989878827,3.571862243591596,1.0
1574,11.969210751754769,3.750797967408596,3.050267295704707,1.0
1575,12.008924633178527,3.7910079638640846,3.090485750118203,1.0
1576,11.878371025145075,4.232884168336592,3.5523594923618718,1.0
1577,11.753485170873782,4.318944956174007,3.604944484681712,1.0
1578,-2.0053971871583176,-0.41852902412531046,-0.011192992554917234,0.0
1579,-1.9401416006494359,-0.44726894265869127,-0.041229607911121575,0.0
1580,-2.030100263887774,-0.4360597149805799,-0.15742110479331364,0.0
1581,-1.9602724812831878,-0.3249814371619178,0.09459354652387031,0.0
1582,-2.0411257175935673,-0.41283832233595097,-0.04778151230921759,0.0
1583,-1.985986239357123,-0.5597721189284749,-0.22024935268204276,0.0
1584,-1.9994722118452346,-0.2767926066160392,0.1610713971382271,0.0
1585,-1.6977669656822445,-0.8198334781039005,-0.5218076717311146,0.0
1586,-1.975358762459434,-0.356345077778758,0.15776771578809817,0.0
1587,-1.9080826787627414,-0.47278319098071614,-0.09318234825981708,0.0
1588,-1.9364991713351654,-0.3648727642508045,0.02271918011948737,0.0
1589,-1.8700027842578952,-0.709369291431524,-0.29534565723724576,0.0
1590,-1.8606995796251302,-0.493725814734559,0.019672116220277834,0.0
1591,-1.8128356692008625,-0.630491441391985,-0.054106638130145164,0.0
1592,-1.796230211788694,-0.6373758688425336,-0.16894449172213305,0.0
1593,-1.7911564350819127,-0.7943368469134656,-0.21442200279954865,0.0
1594,-1.8330504745707452,-0.744595994096602,-0.29635068096693423,0.0
1595,-1.8354380843738631,-0.7501190713071756,-0.2992768357932391,0.0
1596,-1.780840130457813,-0.6749048350076637,-0.22748753320711573,0.0
1597,-1.8611534370402558,-0.43856061914897143,0.10195555730587508,0.0
1598,-1.8565608145685708,-0.6421038103123443,0.03847201645256123,0.0
1599,-1.8026448634515473,-0.649567944631321,-0.06300029770117153,0.0
1600,-1.8026448634515473,-0.649567944631321,-0.06300029770117153,1.0
1601,-3.1776955998832435,0.5700091379450843,0.33107064844065953,1.0
1602,-3.175242822685164,0.6211864069149189,0.4933088316414454,1.0
1603,-3.0816079100322002,0.4196960795541371,0.17166035937823365,1.0
1604,-3.1199820182673785,0.35802527094417236,0.21110715154658777,1.0
1605,-2.8451684946370395,-0.011221102638659658,-0.31438417557483744,1.0
1606,-3.0505975234179274,0.46663621524717713,0.20602442993737372,1.0
1607,-3.1382097892707157,0.5587844884388666,0.2849864314272894,1.0
1608,-3.147270204311574,0.45877136592950507,0.3195600724078223,1.0
1609,-3.09086893916346,0.33045219922410807,0.07953649753680209,1.0
1610,-3.114403311582314,0.4438849191532372,0.25360956385674716,1.0
1611,6.098936094519163,1.7364650439636722,0.7746100064597268,1.0
1612,6.079804146198997,1.8070288461131438,0.7877395208722044,1.0
1613,6.103752327144649,1.798200879010694,0.743930913694421,1.0
1614,6.1225769192340636,1.7125654643539436,0.7796839038750096,1.0
1615,6.151344598979022,1.677656504173545,0.639205491695961,1.0
1616,6.115753906526491,1.8230986624751384,0.7521003975786735,1.0
1617,6.097076411883553,1.7375882496740178,0.662515411331325,1.0
1618,6.159206418862406,1.681852818638116,0.7183913219387381,1.0
1619,6.155693828003091,1.7955515202692107,0.6981979425490713,1.0
1620,6.024742335759671,1.7500071226274316,0.8673023480887483,1.0
1621,3.818110947572356,0.570605577782169,0.45848235869928433,0.0
1622,3.89642150657958,0.3368890116858866,0.2857986512581877,0.0
1623,3.822119757189478,0.5481935525081487,0.29373205188461643,0.0
1624,3.905108580887886,0.5196018174326202,0.23548925397031661,0.0
1625,3.8503117764625747,0.43803098775525656,0.31730110358159525,0.0
1626,3.8357035560816968,0.559011302255593,0.14695946308341576,0.0
1627,3.764224370287117,0.5776820806277142,0.33380664263547116,0.0
1628,3.8196061551357112,0.6345955007397462,0.2944650589983399,0.0
1629,3.8725018234478408,0.5054343404210412,0.4114456782892624,0.0
1630,3.591588846926726,0.5860572120950863,0.5615655495173189,0.0
1631,-0.2746439086564868,-1.3792305697546547,-0.3295708061367042,0.0
1632,-0.2164886012857997,-1.5579061651956754,-0.542009692311106,0.0
1633,-0.21090276292195717,-1.5199007761055832,-0.5419282361740013,0.0
1634,-0.25309245903125294,-1.6090383954870406,-0.7031352691592174,0.0
1635,-0.2239215360732602,-1.55592999400628,-0.504882846732726,0.0
1636,-0.251770839262332,-1.5721677103635954,-0.6879734870428728,0.0
1637,-0.2308605236346096,-1.5315817791531214,-0.6055653493241719,0.0
1638,-0.19150453850077281,-1.4337794481572748,-0.42211055791925883,0.0
1639,-0.21303435416917077,-1.5476786982096842,-0.5548914435934591,0.0
1640,-0.2677448494337244,-1.4758020879920608,-0.7090393131661662,0.0
1641,3.6477740360558997,0.8262527566178063,0.7999397358590858,1.0
1642,3.9557087898049748,0.7442247813950618,0.7471227194395793,1.0
1643,3.936163979202752,0.7431045145979999,0.4111381067345186,1.0
1644,3.8321974046472134,0.8645298846874799,0.6174721853859564,1.0
1645,3.8433533306444914,0.7231035208049763,0.6366147441256831,1.0
1646,3.806910804780461,0.7897978726827453,0.5067495019172343,1.0
1647,4.1282539761934585,0.40471528732748446,0.46480787023149367,1.0
1648,3.8662611301792955,0.771508253078825,0.6040634010496388,1.0
1649,3.887968824250877,0.7407440623758802,0.6519489415597816,1.0
1650,3.8050344652334274,0.6331001418202675,0.41829468404979336,1.0
1651,5.182576827852759,0.22214766588666024,0.6353554649706304,1.0
1652,5.070751028841113,0.12926581273153415,0.1812484987105868,1.0
1653,5.597047747927807,-0.04138573744455013,0.11225776241462694,1.0
1654,5.190763795467394,0.3315421241706114,0.44440912112443737,1.0
1655,5.294370455606952,0.3951786272369716,0.4035702156063058,1.0
1656,5.216734759987935,0.4216923611873893,0.648432922220691,1.0
1657,5.305689205392196,-0.01869175908080623,0.3248858709435525,1.0
1658,5.2107545298549125,0.33923142607311163,0.7631817707801773,1.0
1659,5.089299363926266,0.40330192789252733,0.4590265712250954,1.0
1660,5.208337586606581,0.3562673812105153,0.5436671745886984,1.0
1661,4.387260870611979,0.3740785440109393,0.30963463953619114,1.0
1662,4.424839788133507,0.3425025235094151,0.21258158424268203,1.0
1663,4.363553994470713,0.32800341318413456,0.37413944565110013,1.0
1664,4.469367516246523,0.34647227850088613,0.3115671916678456,1.0
1665,4.3874306849771925,0.508261097288614,0.5144323700552933,1.0
1666,4.390129501148272,0.381764387920848,0.3868463940950215,1.0
1667,4.387590938474662,0.5484015576016988,0.5430752411432775,1.0
1668,4.4230201119238535,0.3572640389614209,0.30192524238613944,1.0
1669,4.414460956676522,0.3639832790028851,0.34738032106225986,1.0
1670,4.666122703996099,-0.010915215880499722,-0.030102682341624682,1.0
1671,-0.6165216279005186,-0.598817891997904,-1.2603154385593833,0.0
1672,-0.5300840374880217,-0.9631157749286603,-1.5251238233465554,0.0
1673,-0.49919048448716324,-0.8894640050217038,-1.5654677056552844,0.0
1674,-0.4726853283449864,-0.6272193550159306,-1.365892630292583,0.0
1675,-0.3265972330565839,-1.1813841098081004,-1.9070392603103299,0.0
1676,-0.4738147606623994,-0.8642390535290119,-1.3951296963998279,0.0
1677,-0.5128269811581104,-0.5995153705793826,-1.2885703295334727,0.0
1678,-0.5164051880359762,-0.6897728590217976,-1.4481939629374738,0.0
1679,-0.3105103586820165,-1.0972613637568482,-1.869311878255663,0.0
1680,-3.655623644378433,-0.048437200321535354,1.1109189480654702,0.0
1681,-3.6778364310393497,-0.009559509796863788,1.122165716403841,0.0
1682,-3.6278253141925045,-0.1024045170386608,0.9632796861106941,0.0
1683,-3.5921042020338407,-0.13172244262091323,0.772846478661543,0.0
1684,-3.681876224611471,-0.09940044679511285,0.7550153691632605,0.0
1685,-3.626269005190369,-0.13271124913823173,0.9487573183893225,0.0
1686,-3.6739443541760872,-0.13694219882523953,0.9479459473158766,0.0
1687,-3.5945396467984536,0.10586767971967244,0.889195187958551,0.0
1688,-3.647405389144368,-0.022913913282043504,0.8920856984487828,0.0
1689,-3.3128480717859583,-0.5615223455036695,0.3403621304388351,0.0
1690,-4.308709048489926,0.9051879430126083,0.13169044543875372,0.0
1691,-4.298014707807643,0.8642062275874649,0.19726717647415057,0.0
1692,-4.270143379043174,1.0001365948852006,0.04501915751756282,0.0
1693,-4.1795359677409785,0.8199739933035934,0.1897006910977951,0.0
1694,-4.288620649992453,0.8717167042627827,0.2104338731626018,0.0
1695,-4.38396243907843,1.0741453356778712,0.39711050432847367,0.0
1696,-4.293428844589797,1.033295571557619,0.15560685972737898,0.0
1697,-4.244988082940433,1.0061422811397438,0.12728812965439712,0.0
1698,-4.292663939244384,1.0211758733994145,0.27971799636158323,0.0
1699,-4.344509581774693,0.9141957297131696,-0.053347005718455374,0.0
1700,-0.058506754674866074,-0.3320574662741261,-0.01836419708420659,0.0
1701,-0.13580825347881598,-0.2249203345176703,-0.031088607976325275,0.0
1702,-0.030970220145061487,-0.30906630833314175,0.13113886700516086,0.0
1703,-0.051785292989679294,0.12677820284311914,-0.3819322884649675,0.0
1704,-0.013483955941225933,-0.14220344041761554,-0.15943690696657392,0.0
1705,-0.09096863425847435,-0.1697711950916376,-0.04371001569975276,0.0
1706,0.20176849535233682,-0.5955081833011927,-0.3238448111560815,0.0
1707,-0.09101451966532448,-0.19233862511191063,0.02426293380920665,0.0
1708,-0.12098653940299048,-0.22031098409242536,-0.13907010417241297,0.0
1709,-0.00010191396461484137,-0.282922364414062,0.009379100714967815,0.0
1710,4.77893832547332,1.0086738208190074,0.40471587570856576,1.0
1711,4.749042483244812,1.1035896504835465,0.1730788672707571,1.0
1712,4.754706544147941,0.9964190342868291,0.1904906814335912,1.0
1713,4.754556822279529,1.0598052316936128,0.02450547011548865,1.0
1714,4.856437246308735,1.1747307616663902,0.15867728396574698,1.0
1715,4.759205714945145,1.0966594429176186,0.29338683994620113,1.0
1716,4.793030085364462,0.9889815081840343,0.12286959257182353,1.0
1717,4.891090141291362,1.041151371391218,0.12556137612256635,1.0
1718,4.662666915154611,1.0963511398135957,0.2064010578166085,1.0
1719,4.792419335726509,0.9218356971030531,0.30030224068686784,1.0
1720,-3.4768804213083726,-0.9662198020310238,-0.16288320896583816,1.0
1721,-3.4437051180725025,-0.6851872227002486,0.16369691675058565,1.0
1722,-3.3894267353793057,-1.0293427339783157,-0.11087198371084171,1.0
1723,-3.4221226183296487,-0.878863807921502,-0.06399682796940889,1.0
1724,-3.4232912363293306,-0.6991015065578582,0.16491920826329262,1.0
1725,-3.4126888614490194,-0.7054822635510951,0.21047364451745584,1.0
1726,-3.465117011794646,-0.883906495161092,-0.02459946328912732,1.0
1727,-3.413368814263636,-0.8759816906039464,0.10217300751976038,1.0
1728,-3.2481069012604533,-0.8801693037784067,0.022873763482080024,1.0
1729,-2.1641629458527705,-0.14309870033976108,-0.05134780994257933,0.0
1730,-2.418022842627018,-0.1260394068583706,0.0019095888754349347,0.0
1731,-2.5053279434853652,0.04263479004061936,0.26289035573308,0.0
1732,-2.224216007726465,-0.5334852039248058,-0.3687424964369688,0.0
1733,-2.1496991382847113,-0.39389780539734076,-0.7658604801053418,0.0
1734,-2.4415771609415193,0.11482834284177179,-0.33442922761845195,0.0
1735,-2.4972689911591766,0.2049597539499891,-0.25056028472685943,0.0
1736,-2.4905886271145423,0.05272262665899697,-0.39912664916194157,0.0
1737,-2.271465048689889,0.03624118589581636,-0.6485625552520564,0.0
1738,-2.4081821641094714,-0.022139750028153382,-0.6486363033075773,0.0
1739,-3.6360487310431933,-0.6649218701533597,-0.05758863108834624,0.0
1740,-3.364680803274971,-1.225287326253969,-0.4530903336367845,0.0
1741,-3.3722639620239554,-1.1204723994181025,-0.4844951600976587,0.0
1742,-3.6322522051219717,-0.7802516816527563,-0.1332529730734238,0.0
1743,-3.635721740143929,-0.6989160152217075,0.08307729352948208,0.0
1744,-3.642739778294347,-0.750680293963321,-0.13126273241676928,0.0
1745,-3.4218176407146537,-1.1057103745104164,-0.42545863788900445,0.0
1746,-3.6953718653061647,-0.4137510208153123,0.08936417789690058,0.0
1747,-3.677640944749269,-0.6890902322844767,-0.039920033150245185,0.0
1748,-3.6920958864647937,-0.6684027018495922,-0.2959532625280561,0.0
1749,-3.9753867735569504,-1.9336738476742386,1.380528523697431,0.0
1750,-3.9920433060438105,-1.892775820821723,1.249785870794253,0.0
1751,-3.734935691975534,-1.851228609935695,1.0679941614020048,0.0
1752,-3.923046450409604,-1.7110135189383013,1.2092070311453715,0.0
1753,-3.995909851997561,-1.8601533969281472,1.145789271710534,0.0
1754,-3.906722200342448,-1.671900306601636,1.09545468418059,0.0
1755,-3.9330334668162887,-1.8315821610846483,1.0074056715812865,0.0
1756,-3.9215933118850765,-1.7398034314419393,1.0555753863945958,0.0
1757,-3.9932759048337245,-1.6097167253296603,1.3137651804158377,0.0
1758,-4.082852644437624,-1.7459024671122736,1.5228348463800572,0.0
1759,1.6627480660658498,-1.5094326587570455,-0.6310354582145309,0.0
1760,1.6466305959532572,-1.4959909287607478,-0.5205159155928942,0.0
1761,1.6759293551686527,-1.4680657498127625,-0.5876772553690173,0.0
1762,1.682316538814862,-1.2993275014087056,-0.4361411655197932,0.0
1763,1.696254801355628,-1.508391002811023,-0.6064217218525295,0.0
1764,1.7208749206369145,-1.4684588945887127,-0.5054477331034276,0.0
1765,1.6827179738718079,-1.3696661643337582,-0.48323559854459347,0.0
1766,1.6086870308119867,-1.5599670081638737,-0.6524557576044338,0.0
1767,1.7021140896846227,-1.3816207539150185,-0.39006527609307196,0.0
1768,0.5326267510894211,-1.2604718850700891,-0.29039043629690825,0.0
1769,0.2559381918265711,-0.8901206305536885,0.035893035719552734,0.0
1770,0.29298320955283014,-0.7822049167870574,-0.079392967428985,0.0
1771,0.30540529690102947,-0.8212055867303509,0.10972632644446866,0.0
1772,0.2797340766829312,-0.7682088556836132,0.22139936393475093,0.0
1773,0.2490750041656578,-0.7363685082204775,0.25267054186469395,0.0
1774,0.28272260118245385,-0.79124064153864,0.24079021575333276,0.0
1775,0.26815796884820425,-0.7483175245730771,0.03991695193996158,0.0
1776,0.29239825613351594,-0.8632114852488859,0.1113233581142854,0.0
1777,0.26918899066445856,-0.7066350242701646,0.11688862163839467,0.0
1778,0.3400535809906114,-0.7862331547490217,0.08300221493639165,0.0
1779,2.688425307602303,-0.14322180267335763,-0.305216533729586,1.0
1780,2.6261603413397547,0.06981925206460274,-0.31592029200694544,1.0
1781,2.6134914373358957,-0.203338562612531,-0.298617564323082,1.0
1782,2.6383533339499228,-0.1760036410714791,-0.5494962881903708,1.0
1783,2.6405907059492773,-0.05694703763360314,-0.31391359907647676,1.0
1784,2.613206370153119,-0.008595370809608757,-0.34450628348948453,1.0
1785,2.9227343994187476,-0.4650031777918466,-0.7694631179347006,1.0
1786,2.6610662726776195,-0.023966518810434892,-0.10742047576482638,1.0
1787,2.6896899788597146,-0.17109057375541353,-0.15055532690309614,1.0
1788,2.7698912866058896,0.04068050171929291,-0.07992087200641627,1.0
1789,2.420830589320638,1.723909936515925,-1.1322844649687145,1.0
1790,2.443148596784207,1.6619697914091378,-1.0381516930383685,1.0
1791,2.527798073416528,1.6870973566804561,-0.9800178368094267,1.0
1792,2.5901757376114447,1.8278189972435723,-1.1152910352901175,1.0
1793,2.528517076114365,1.765116511670795,-0.9926665655294516,1.0
1794,2.5809706620824144,1.7139427953692148,-1.181106828191953,1.0
1795,2.4948518364393553,1.7680545538638344,-0.8672914185038983,1.0
1796,2.4639533528088333,1.7402681925044663,-1.0018042924275081,1.0
1797,2.5874339901840573,1.7809036818988326,-1.0589059470634645,1.0
1798,2.4541525235593107,1.7547320844069707,-1.0617396589767512,1.0
1799,-1.4942071871834597,-1.3467051136962263,0.40330519294608314,0.0
1800,-1.5453579709960668,-1.3814503776803733,0.4269859738218316,0.0
1801,-1.576471680377741,-1.2526896376826213,0.32076951934820075,0.0
1802,-1.5596464106115364,-1.3340474470162567,0.3922794095240556,0.0
1803,-1.4691559944269341,-1.3092752262872915,0.13242594839473462,0.0
1804,-1.5309413324553507,-1.2223665727754536,0.4952608479230384,0.0
1805,-1.4911708838773214,-1.2707520161401047,0.45413830357855056,0.0
1806,-1.5012787410305044,-1.115012014561151,0.40786337439524684,0.0
1807,-1.65660909080808,-1.352503389880747,0.3407909186673872,0.0
1808,3.4635110809805902,-0.4555274253762046,-0.3241512267744751,1.0
1809,3.2601547786647234,-0.10172031778649289,-0.08465737121109376,1.0
1810,3.272956812250237,0.0007014579518732111,0.30856195416036036,1.0
1811,3.361526572833761,-0.1216828498963283,-0.20132994381495814,1.0
1812,3.2775205607714244,-0.14165875539463485,0.2835376022036159,1.0
1813,3.2632093722244706,-0.1099254401273648,-0.03145777005394496,1.0
1814,3.3288007828188,-0.047062344996718034,-0.0054230875248397386,1.0
1815,3.3204105237182575,0.05488308284887764,0.10159287961939766,1.0
1816,3.2898501805719516,-0.040187531994190735,0.08439832189848265,1.0
1817,7.1104313522863345,1.4243631685007065,0.9795725973887162,1.0
1818,7.087781808603756,1.5168254608892102,1.1886408247301459,1.0
1819,7.161556416979601,1.398983283913921,1.0356571722776098,1.0
1820,7.145986730720679,1.5649001428362799,1.242865411646526,1.0
1821,7.100243137519158,1.6241466499814563,1.3297782219721788,1.0
1822,7.1731648708182085,1.613452780118843,1.2327100292903084,1.0
1823,7.09183958136431,1.558626393445852,1.265985814078542,1.0
1824,7.196351236783635,1.549920125304775,1.221450130169156,1.0
1825,7.173785743497948,1.4864847913040684,1.1793534056829065,1.0
1826,7.111215642096607,1.6029947038877785,1.2663435613505698,1.0
1827,3.8491444255684346,0.9306714410479721,-0.47189043205618725,0.0
1828,3.9889901907123475,0.8479657666765459,-0.5780402354794275,0.0
1829,3.932399844662676,0.7944650886155894,-0.5912844189937766,0.0
1830,3.919187769576477,0.7520531601605744,-0.6360656926813604,0.0
1831,3.928819355691955,0.8478404757356678,-0.5936068923877986,0.0
1832,3.9392896669336293,0.8463329332792341,-0.5737055743412582,0.0
1833,3.971880665704564,0.9550692458630281,-0.29225259879275634,0.0
1834,3.9635439453869896,0.9470062535931411,-0.6797957808631633,0.0
1835,3.9575762278369933,1.0567365275922656,-0.4291502743482091,0.0
1836,3.9862279901298336,1.0318251144681492,-0.5084332778396019,0.0
1837,5.747474947633568,1.0975124624608243,0.9339307161975624,1.0
1838,5.763533390895253,1.0588827103522322,0.8071943635707313,1.0
1839,5.961970055568489,0.6424423681138579,0.590620675347858,1.0
1840,5.8304545471520015,1.1633837757781387,1.0431509454363357,1.0
1841,5.733963060977303,1.047316564517832,0.8618463655837756,1.0
1842,5.731583733090553,1.1811690264821566,1.1507380231503588,1.0
1843,5.805233432158372,1.1602165709637575,1.0735927526728049,1.0
1844,5.799049649928912,1.1921641780331558,1.1163506787517834,1.0
1845,5.807895567616386,1.1977370032643686,1.0631073123346686,1.0
1846,5.982190930555711,0.6593076533334833,0.511980278175397,1.0
1847,2.10064337718981,-0.4986906320200517,0.8731384725685669,1.0
1848,2.024188232289816,-0.5167064898888104,0.7866789210694373,1.0
1849,2.06807832631737,-0.44426705251940696,1.15038732792013,1.0
1850,1.9809133175555118,-0.3208229676222302,1.014499732527435,1.0
1851,2.1020433003611316,-0.6176170824562189,0.8291983582967786,1.0
1852,2.003947966971331,-0.39253693203217327,0.8129372198150671,1.0
1853,2.0629175627149516,-0.34202226147980624,0.8652759237843297,1.0
1854,2.0512368633561446,-0.5189072094853302,1.0210412377024727,1.0
1855,1.955196777327217,-0.4483825742100417,0.5811958570684963,1.0
1856,1.9837052061473293,-0.5715030620546988,0.5433099063000469,1.0
1857,1.9837052061473293,-0.5715030620546988,0.5433099063000469,1.0
1858,4.772922743199085,-0.11836580511056502,-0.8550681712811223,1.0
1859,4.796640857421771,-0.3036091008009416,-0.7813311086372404,1.0
1860,4.785647302345957,-0.16768074511751718,-0.8258145667816864,1.0
1861,4.741532069698778,-0.12160890142907403,-0.7058223855497692,1.0
1862,4.830095221446244,-0.15359240525874404,-0.7652475810995815,1.0
1863,4.8040592984117945,-0.026626235777360667,-0.757606092206136,1.0
1864,4.808644914868051,-0.16073050484450838,-0.7679307373784794,1.0
1865,5.0351658965794215,-0.580685336554486,-1.2601122518178385,1.0
1866,4.845884732542067,-0.07958666012114275,-0.6857736320796346,1.0
1867,4.889126682416371,-0.1729166727398993,-0.864355786038891,1.0
1868,5.013265457542797,2.45660833796523,0.17858507495236878,1.0
1869,4.971461394812166,2.357665481203572,0.04474472967820398,1.0
1870,5.236505074854885,1.962529351790998,-0.28954166906473405,1.0
1871,5.005758917160791,2.2349791828080523,-0.03629597009002015,1.0
1872,5.043652898302771,2.5006428567477235,0.194319936064229,1.0
1873,4.967975979425243,2.3619788392932666,-0.02544318979350507,1.0
1874,5.097987647360061,2.2586937014992086,0.21011536821242782,1.0
1875,5.030008507980046,2.456625714150021,0.14926694987722106,1.0
1876,5.109617951669988,2.302775952131985,-0.01270089839092336,1.0
1877,5.051979867446501,2.507751476872758,0.20603999133470724,1.0
1878,0.6682921965638028,-0.8919798665746378,-0.48034405705497923,0.0
1879,0.7650032246133882,-1.0587041051514638,-0.5816591516409625,0.0
1880,0.7736793441537225,-0.9918265938534498,-0.6242019747762547,0.0
1881,0.6610082546479054,-1.0349190770326078,-0.6368387500653864,0.0
1882,0.7510912533020792,-1.039551365030151,-0.4727198095601908,0.0
1883,0.7553660910121499,-0.8543295132055347,-0.3054921539435794,0.0
1884,0.6488968756584873,-1.0512408854276747,-0.6321009309919335,0.0
1885,0.9255491466836258,-1.4355231481141641,-0.8310085438694766,0.0
1886,0.8668826200143095,-1.1367474037130716,-0.47032532152142065,0.0
1887,0.7905756776166213,-1.030135850935916,-0.5566058829583899,0.0
1888,1.5685060180416073,-0.9493340842363305,0.4906225099028349,0.0
1889,1.6251847884485753,-0.852594664680079,0.46660418443649276,0.0
1890,1.6084381508478418,-1.0579294897700937,0.4242312036695884,0.0
1891,1.8550182462200702,-1.382933041530222,0.14085550532817734,0.0
1892,1.6851286917911124,-0.9749679074541614,0.3359449329682609,0.0
1893,1.705588496019369,-0.9822473312537031,0.32558270694313585,0.0
1894,1.678147721902684,-0.9832419236306227,0.27748618473947656,0.0
1895,1.6589969466129684,-1.0620794376704923,0.5246505634693482,0.0
1896,1.6633041973152094,-0.9766754150366895,0.4366342607940969,0.0
1897,1.6689691390783208,-1.0228333273326664,0.3143619189066335,0.0
1898,2.4136210925604913,-0.7905822656795414,0.13627561603750207,1.0
1899,2.4437249599439714,-0.8212289121931305,-0.16283287939592855,1.0
1900,2.4653750299362263,-0.9462972304671691,-0.07624348477843487,1.0
1901,2.487845646345448,-0.7038357907257106,0.02671734867366825,1.0
1902,2.495073406572987,-0.9065208748506757,-0.09652915454108935,1.0
1903,2.4764536479788006,-0.8444355889968984,0.05425868355592826,1.0
1904,2.4555100694961274,-0.9004870843769112,-0.1956137260019848,1.0
1905,2.4099410650878026,-0.8768074048963217,-0.24530985044314696,1.0
1906,2.4610507883552892,-0.8810512675667233,-0.055177749446330436,1.0
1907,2.5015046811083623,-0.6938781426400134,0.08190387362338858,1.0
1908,-4.587390037529945,0.5479912127132127,0.7824983961832114,1.0
1909,-4.437234711426653,0.3614588281449227,0.6106303144150292,1.0
1910,-4.069557746019198,-0.1310365719256325,-0.16586689444722238,1.0
1911,-4.393932312752949,0.4233507278842188,0.33985486505533613,1.0
1912,-4.357859210001291,0.4660576109201769,0.3246882344859999,1.0
1913,-4.283644393321938,0.4620822647991803,0.39426093351646696,1.0
1914,-4.38099567326871,0.37564969217948757,0.4222744342190444,1.0
1915,-4.358497159041302,0.5751232168719657,0.5349436565051923,1.0
1916,-4.501938076839259,0.4637064519925246,0.5393897970430881,1.0
1917,-4.139750570685535,-0.0811658520679442,-0.052153913880477416,1.0
1918,-4.687430440695346,0.1831098379269043,1.6039553809607694,1.0
1919,-4.569013130108433,-0.19282197234622397,1.5382532839077847,1.0
1920,-4.344675268323382,-0.5484034842315931,1.2347814358751155,1.0
1921,-4.584363211616375,-0.032603663149232895,1.6973863443899389,1.0
1922,-4.57755449462118,-0.21222011225893037,1.5810269107267223,1.0
1923,-4.245451805566845,-0.5761129175425214,1.0621633056252613,1.0
1924,-4.540760919644222,-0.05616477028935486,1.6254112713190905,1.0
1925,-4.536090838621207,-0.1460751159814959,1.531306473253404,1.0
1926,-4.616143730373091,0.0071023486223792415,1.7838019870299342,1.0
1927,-4.62496936759833,-0.026412712141533557,1.709011396327619,1.0
1928,1.9962419748975553,-1.1890861809283404,0.3815600861064962,0.0
1929,1.934279978665397,-1.2371902178008698,0.5934687045000133,0.0
1930,2.025619794679478,-1.1327807751749868,0.45417348232915267,0.0
1931,1.9692315430239142,-1.224473039801128,0.36904224443037625,0.0
1932,2.0208272066407393,-1.251767564235697,0.47626738031370414,0.0
1933,2.03837375674663,-1.2481298968668322,0.4165075331941002,0.0
1934,2.027280237218813,-1.3728938903970715,0.24541291088653508,0.0
1935,1.9994371563617166,-1.2487123917977996,0.35518855062524496,0.0
1936,2.02080755528485,-1.1504237206863435,0.3568334681367108,0.0
1937,5.789815551604417,1.2314913799972849,1.057502895018781,1.0
1938,5.877184204586599,1.2312574075183873,1.111475712041233,1.0
1939,5.80909914520398,1.1931110687488478,1.2367803699651159,1.0
1940,5.803430190791065,1.256092056162582,1.1627746038228108,1.0
1941,5.802642886459175,1.1791352374564166,1.1862864718957613,1.0
1942,5.932081703146992,1.2632780035398328,1.236232179594051,1.0
1943,5.845682275371224,1.393202132527611,1.352617743287578,1.0
1944,5.842965108585932,1.2402624490903962,1.1181742427794017,1.0
1945,5.810581951019447,1.1620679095677733,1.2011909071532425,1.0
1946,5.8648942645284485,1.332154766651927,1.211549050554833,1.0
1947,3.4314623906909985,0.3985337470862727,-0.9376885105480649,1.0
1948,3.4719210459935406,0.350855619948355,-0.723690530852473,1.0
1949,3.4813807709699756,0.26207652803692083,-0.7730586630002471,1.0
1950,3.5024673874713854,0.41619498104850394,-0.4448894468956282,1.0
1951,3.458608116359932,0.6023656271686958,-0.49042850411878336,1.0
1952,3.4310030722763214,0.5427238410767045,-0.7393699117480078,1.0
1953,3.504871182549316,0.5881225179115136,-0.7636254176844823,1.0
1954,3.566689520002511,0.41597789863605844,-0.7943273967113622,1.0
1955,3.4143758554441903,0.34411229908946683,-0.67837180612887,1.0
1956,3.4362815815162993,0.4460078741956131,-0.9903467240258298,1.0
1957,-2.4345225120830927,-0.9872697457043635,-0.6497545565734599,0.0
1958,-2.3502192469323684,-0.897634355749852,-0.5530143206385689,0.0
1959,-2.3576411761784515,-1.0453919042477706,-0.7071229199548309,0.0
1960,-2.2172683460711005,-1.0669530003284196,-0.8527070405221563,0.0
1961,-2.1883634393461016,-1.1078484058283875,-0.8588391516319291,0.0
1962,-2.3368972522657505,-1.015212586226715,-0.37803288453790146,0.0
1963,-2.4140701339009736,-1.0026437421912446,-0.1593056410774485,0.0
1964,-2.3175112939235434,-0.9651268611321353,-0.18162247101445722,0.0
1965,-2.2375948914654615,-1.0657998754810438,-0.3528481912068422,0.0
1966,-2.360346398510104,-1.0554477682604584,-0.28485882113234695,0.0
1967,4.4771904237760145,1.1835348599165731,-0.21224941834627964,1.0
1968,4.518506802742047,0.9558316840564993,-0.36340006731692887,1.0
1969,4.66116050707575,0.5961764264422789,-0.7984600835839907,1.0
1970,4.514966884762175,1.1511740506020751,-0.35303509133731986,1.0
1971,4.5699453323801436,0.790954315462875,-0.4438389107457869,1.0
1972,4.552551715387421,0.9241340279922767,-0.26614271724897676,1.0
1973,4.523504209621628,1.055939772148783,-0.2968164784243873,1.0
1974,4.603385467962865,0.8470320885975354,-0.3677031838277973,1.0
1975,4.561392953178116,1.0132959546405684,-0.2581182306335817,1.0
1976,4.5028524925168725,0.8665029760064533,-0.5628454253914501,1.0
1977,4.467839890560881,1.011364010185884,-0.2610717684764862,1.0
1978,6.248507685536153,2.994806316285737,-0.07769120124758003,1.0
1979,6.222983509245012,2.9355422525947117,-0.04294085274995275,1.0
1980,6.370418937199909,2.557082754709214,-0.49659625323973583,1.0
1981,6.2352835847450665,2.91716383937019,-0.1151343358179568,1.0
1982,6.228803407380124,2.9296819606818354,-0.07355872521388851,1.0
1983,6.2024247320723065,3.011520252084311,-0.08826970927424765,1.0
1984,6.273543638174168,2.914444743019225,-0.15626980937828774,1.0
1985,6.259343842008278,2.971117016530151,-0.16063206177798506,1.0
1986,6.260902498436847,3.016383045874763,-0.05210222896098419,1.0
1987,6.2674128343162785,2.9755284289502693,-0.02996734542742572,1.0
1988,-6.790949396161691,3.32059318864197,3.3435998379388843,1.0
1989,-6.869393200344715,3.248876255773078,3.520975080238154,1.0
1990,-6.858312330388638,3.4067298806812434,3.4567949450406927,1.0
1991,-7.014490387466358,3.5736311229052036,3.8812558500277685,1.0
1992,-6.879936883696644,3.5733393691329605,3.7112213702464834,1.0
1993,-7.044686231187857,3.3328085806232672,3.5336313611883923,1.0
1994,-6.91449287616717,3.5888614151175675,3.751440885771478,1.0
1995,-6.926201954257692,3.2305112703503935,3.5338094125033175,1.0
1996,-6.7985700523639006,3.168937453653098,3.7140355018955202,1.0
1997,-6.829059428773448,3.217485490348862,4.0857027469370335,1.0
1998,2.0905971415744156,-0.17826966455757323,-0.05203467211076604,1.0
1999,2.1492591624977986,-0.10732687712846913,-0.2681189193208339,1.0
2000,2.1461300791780253,0.07478052121620296,-0.04098979923712421,1.0
2001,2.1585478854532103,-0.04627265854613006,-0.10770554212939855,1.0
2002,2.116801425491975,0.029039632048685735,-0.0024091428769261215,1.0
2003,2.1418967770170907,-0.0987947972149826,-0.17805887294303666,1.0
2004,2.104065419858429,-0.09622443492399194,-0.06296991313450742,1.0
2005,2.0955714200620847,-0.20231576692261297,-0.2586514594122042,1.0
2006,2.137099637607009,-0.22600371629427757,-0.28649194025972957,1.0
2007,2.1183308320852947,-0.2685505077425628,-0.19315540273809698,1.0
2008,1.8334861787351522,-1.0376257575959458,-0.9143829562349912,0.0
2009,2.0989587170639243,-1.291082639361375,-1.1650648633969378,0.0
2010,1.8514392171062282,-0.866736510421944,-0.6264267858476212,0.0
2011,2.1034305507734854,-1.3206192479883818,-1.1392103640719762,0.0
2012,1.8600259310360048,-0.8440860622669836,-0.5584206976834767,0.0
2013,1.8404146952897484,-0.8842869566262617,-0.7060969140906534,0.0
2014,1.7758128053610662,-0.9358265818306173,-0.9041068709451446,0.0
2015,1.7877253655056475,-1.008726851032654,-0.7489071319019531,0.0
2016,1.8387206141292964,-0.9084777670727909,-0.5511570031567115,0.0
2017,-1.7997535537846105,-0.8630969093532377,-0.2749287305360911,1.0
2018,-1.7746594601857608,-0.8246078288463057,-0.2609604159267484,1.0
2019,-1.68618048738533,-0.7482601009037111,-0.6156239836333369,1.0
2020,-1.7532089370957338,-0.8076960499614539,-0.29682277330343626,1.0
2021,-1.8690297379276555,-0.8309670610108582,-0.5385867058483386,1.0
2022,-1.7338024507042236,-0.9318426054220814,-0.11810619059687055,1.0
2023,-1.83926081728065,-0.8341850997209984,-0.3741353610189704,1.0
2024,-1.6973718877450132,-0.8100831390910415,-0.32292030006168376,1.0
2025,-1.741756228275544,-0.7955487610965214,-0.27460637226607304,1.0
2026,-1.4500622930717295,-0.70973540201319,0.3115827255577226,0.0
2027,-1.573504692612313,-0.6558602230650522,0.5536210111257719,0.0
2028,-1.5252547785557584,-0.6444310637071244,0.5879574148175316,0.0
2029,-1.5283362662306628,-0.8582082967792438,0.425194757876241,0.0
2030,-1.502160622463761,-0.7590004837717714,0.51016787687148,0.0
2031,-1.5024796671976919,-0.8630439506138082,0.21017753378233475,0.0
2032,-1.4853062308700566,-0.8338831805150183,0.3173672152580423,0.0
2033,-1.5219958664763313,-0.644743888977123,0.5596344179052315,0.0
2034,-1.465030815470248,-0.9169890554635582,0.353445511396783,0.0
2035,-1.514314576397919,-0.7190048893551032,0.39713648363682635,0.0
2036,3.7035533256826367,-0.2990944553524999,0.34027200383706313,1.0
2037,3.6459150581138835,-0.14518990151755934,0.5926302434101317,1.0
2038,3.732879896251902,-0.37037675859361624,0.45016162070295457,1.0
2039,3.685845606751809,-0.2203861601500857,0.4113530423633061,1.0
2040,3.735202619248721,-0.3977810223304098,0.3465470420038211,1.0
2041,3.762831965554567,-0.36049360500156574,0.3627500116986686,1.0
2042,3.7862959933873057,-0.31274440113628277,0.3196765220675225,1.0
2043,3.805026645588884,-0.16900558342891078,0.45691584407575003,1.0
2044,3.755437228739211,-0.26433226540199256,0.40763918433490176,1.0
2045,3.935517963689695,-0.7597147820048384,-0.012105785364324754,1.0
2046,4.085702590853734,-0.27060335040026284,0.771352028201513,1.0
2047,4.278485758765779,-0.6846027215731342,0.536839682041544,1.0
2048,4.108949002531017,-0.3693858906247521,0.729375699554873,1.0
2049,4.155095522013209,-0.3786472621626736,0.7912909198271048,1.0
2050,4.104386014264628,-0.31184185292334476,0.7855033747970558,1.0
2051,4.038658148396878,-0.1346289479861522,1.0075165484275108,1.0
2052,4.0394663121029595,-0.3932328513015294,0.6805248542402514,1.0
2053,4.310890949013684,-0.7281333009504858,0.40820977823821275,1.0
2054,4.165263013488621,-0.31359697873645986,0.8550096534792855,1.0
2055,4.107105450556968,-0.3498147808796989,0.8959592579152968,1.0
2056,7.367317695227194,3.3576990018597765,1.3225065377217,1.0
2057,7.473439850876404,3.4838148110859857,0.8476895141222858,1.0
2058,7.679143910450606,2.975455370368531,0.5322201242918913,1.0
2059,7.423429009205138,3.489515952001916,1.1275475102822425,1.0
2060,7.585411671737552,3.4572440348503006,1.1316019148877603,1.0
2061,7.457945900877939,3.3943988580186706,0.8262280620664899,1.0
2062,7.613666433087981,3.4010533391557862,1.0853075996767347,1.0
2063,7.540611036360176,2.8700234594253433,0.7181101309012561,1.0
2064,7.55421967839584,3.3911682273316193,1.3147394347558434,1.0
2065,2.8503227179528925,0.36145347104342446,-0.25432505219860346,0.0
2066,2.803660118335483,0.22769911424812325,0.014481988383375695,0.0
2067,2.8773557958278295,0.2099706347394563,-0.2966247182434041,0.0
2068,2.8577793160393483,0.22117155663071447,-0.14819558251388096,0.0
2069,2.9375764076358792,0.12968121208226835,-0.10269753629449832,0.0
2070,2.9007604766546313,0.14220805274365594,-0.2205755848387003,0.0
2071,2.866788428893019,0.11287409255219057,-0.14028585797028553,0.0
2072,2.8499093780926605,0.3764277181370416,0.20485370486906138,0.0
2073,2.7887531889380424,0.2226289497515195,0.08362014977462578,0.0
2074,2.852811066119338,0.14803107215478714,-0.2209185565110089,0.0
2075,-4.912524409702049,2.1532129198297256,1.0692990263702888,1.0
2076,-4.928890312694246,2.293023882359062,1.5713519127060844,1.0
2077,-4.9336779046525345,1.9588288881436293,1.2308565150471689,1.0
2078,-4.997556081201845,2.1821767373387346,1.6788639080683772,1.0
2079,-5.052534767795107,2.0606128415557734,1.6437657594984456,1.0
2080,-5.056428198962577,2.1064491906577265,1.7481131422178127,1.0
2081,-4.9455706557608465,2.0763799515880526,1.4375242096049612,1.0
2082,-4.770475374149572,1.9565648406935274,1.3275987345924893,1.0
2083,-4.912363077185769,2.1129703917939593,1.454477439246816,1.0
2084,-4.834172032396777,2.144600644039439,1.3994180868014723,1.0
2085,-0.24132774089158077,-3.067488277524513,0.26721176946572056,0.0
2086,-0.2739604048078305,-3.1037353215757673,0.33374691414489227,0.0
2087,-0.19821844640525377,-3.2483240185000337,0.06701060657494698,0.0
2088,-0.19634518900148934,-3.130308916617816,0.18029784630552478,0.0
2089,-0.164243517483937,-3.2540684346258244,-0.06208899075001621,0.0
2090,-0.16747223319634558,-3.1855695836965734,0.107920534084593,0.0
2091,-0.20329514924811992,-3.2907013166572767,0.010382496142075523,0.0
2092,-0.17243761089213946,-3.3524054477745793,-0.19309753335010577,0.0
2093,-0.16923048205976451,-3.275177995451794,0.08970225336963782,0.0
2094,-0.17419776924017855,-3.035711209938324,0.18112419838131627,0.0
2095,-0.7325532142812061,-1.688038817963006,0.09347189228691767,0.0
2096,-0.7315295831756397,-1.5308605357488048,0.31655593495273227,0.0
2097,-0.7723635884410069,-1.6669106089920598,0.2710269227646107,0.0
2098,-0.6865618049530325,-1.6344126779501442,-0.041411978992823444,0.0
2099,-0.6227818883020504,-1.7768849302602825,0.025293670929330735,0.0
2100,-0.6396282799501574,-1.7380137347732014,-0.02074056423955115,0.0
2101,-0.6865120224404663,-1.6591519756383848,-0.016702570596583928,0.0
2102,-0.6902758571861326,-1.5526599676261543,0.2314567480215984,0.0
2103,-0.7521816502875689,-1.5977934967713803,0.1602341162317266,0.0
2104,-0.7408826581557361,-1.7196849946676005,0.11886728201234112,0.0
2105,-1.307694776571345,0.8794684007344129,-0.14422129511530518,1.0
2106,-1.2828270020912673,0.8726889384314543,-0.061585934894319315,1.0
2107,-1.0505306223462783,0.5143074158855662,-0.5243612932727536,1.0
2108,-1.320122561447789,0.8538331551021282,-0.22290860401578574,1.0
2109,-1.2758386326393165,1.0152589297137722,0.01339003279994143,1.0
2110,-1.2494574890544832,0.9069800225973227,-0.06606916178857601,1.0
2111,-1.385455548341051,0.9359037879002106,0.10200286995376129,1.0
2112,-1.2921561248737807,0.8986433344373745,-0.0973772184855991,1.0
2113,-1.2768579023979771,0.9583901409807002,-0.1223538777060451,1.0
2114,-1.2767889651787563,0.9501691776891554,0.08785362629638338,1.0
2115,-1.691521721416303,-1.4793979170875824,0.3843430593465133,0.0
2116,-1.6573044916382325,-1.4821006970249249,0.09391450669315204,0.0
2117,-1.6465174983107187,-1.5785388483355305,0.2674451230450656,0.0
2118,-1.667458356517157,-1.5098310927517151,0.17357390282712126,0.0
2119,-1.6558521883748059,-1.2732008813916331,0.35476684137174885,0.0
2120,-1.7054236644561362,-1.4741660026784709,0.02540971746759195,0.0
2121,-1.6563749427570151,-1.4050330186002133,0.016238811297480945,0.0
2122,-1.6522246511206231,-1.3333125179877845,0.3777223034073505,0.0
2123,-1.6763143385299155,-1.3975336064278951,0.3354233644088813,0.0
2124,-1.5906013831634085,-1.4803740489200514,0.05100616029366985,0.0
2125,-1.6058481877401605,-1.48425789092766,0.1002543529386723,0.0
2126,6.504790641947547,1.5568529617790698,1.029722755039504,1.0
2127,6.46476016605514,1.4654625500673781,0.716884784508612,1.0
2128,6.5473473425572895,1.5002580518646726,1.032474828064749,1.0
2129,6.553838674547824,1.3852280646077637,0.6959520098952784,1.0
2130,6.700770764723307,1.3534481513226764,0.8471722814621439,1.0
2131,6.668740022883394,1.4662593856261756,0.8879352738762538,1.0
2132,6.663874359237475,1.609439436544961,1.079322412978038,1.0
2133,6.534820346194254,1.5241700419273168,0.7507211505516643,1.0
2134,6.576749638692089,1.6012537734694128,1.062539098850662,1.0
2135,6.604546050287928,1.5127314740409001,1.000002744157047,1.0
2136,0.3291960028656306,-1.3622332556981447,-0.5100716582359135,0.0
2137,0.38369191587093066,-1.5500190507888933,-0.6842850315442168,0.0
2138,0.4181829217016916,-1.4226911906853579,-0.7087776028033895,0.0
2139,0.4203260102973115,-1.390696532341597,-0.5592434019301167,0.0
2140,0.4187348136575889,-1.3942816149491262,-0.5453911859049543,0.0
2141,0.3533249664431152,-1.4616775677616458,-0.8527498313650217,0.0
2142,0.36426643673158066,-1.3451046428385365,-0.3305732032918513,0.0
2143,0.6636160085041966,-1.8712955842795198,-0.9668977294054785,0.0
2144,0.44115837537928176,-1.482035025517385,-0.6522544902138308,0.0
2145,0.38646465744847286,-1.6375727721650208,-0.6918211284898673,0.0
2146,-0.7886736619407569,-1.9590558626839902,0.2902288728802845,0.0
2147,-0.8905741858121002,-1.8379713403884426,0.34392398240295075,0.0
2148,-0.7464260802634918,-1.9382946651407695,0.30160030822168316,0.0
2149,-0.89806084521224,-1.897017542864411,0.5481571875483947,0.0
2150,-0.8097823912916398,-1.8928525929550202,0.2153782969555535,0.0
2151,-0.8580864234609845,-1.9133837835547878,0.4552811328630853,0.0
2152,-0.7901828190767015,-1.9825479156458092,0.15681300413624197,0.0
2153,-0.7293814567295499,-1.9322683196715298,0.20122640427031313,0.0
2154,-0.7663040574587451,-1.972057175728832,0.2811065252116474,0.0
2155,-0.7929057959260808,-1.8216421899078352,0.24145405594693,0.0
2156,3.6800069959719237,0.43283796745806824,-0.5027700075974981,0.0
2157,3.979023181079936,0.5487606875508673,-0.53501538098108,0.0
2158,3.9721866841989195,0.547894030649253,-0.46175461027310044,0.0
2159,3.8437533703218567,0.5559302374826122,-0.3535041671478266,0.0
2160,3.8757886755782813,0.6071323083073109,-0.6228897402573496,0.0
2161,3.8961231073876252,0.6909840718943193,-0.7017173425801069,0.0
2162,4.002690979377127,0.5275303014281432,-0.6996318144032722,0.0
2163,3.7933215579949997,0.6968022541767921,-0.7744529582657438,0.0
2164,3.8497363054230354,0.5423733921073849,-0.6006585621445742,0.0
2165,3.8633535105619945,0.603689310427796,-0.5796282801196103,0.0
2166,2.890294800549373,0.5220044884761194,-1.4094521309466113,1.0
2167,2.933101315922791,0.4985897934373911,-1.3099805483486668,1.0
2168,2.895103384142186,0.4914466894346396,-1.7710557951474715,1.0
2169,2.932439227662945,0.7222238472484269,-2.2824759979900104,1.0
2170,2.9189604903025193,0.47976049844091595,-2.052010162329904,1.0
2171,2.9076277857753756,0.40090427773651416,-2.0865892239789745,1.0
2172,3.237790920838921,0.006074300487238973,-2.515604571102061,1.0
2173,2.9741077884415468,0.5898610357272575,-1.7934203874760763,1.0
2174,3.045541246302906,0.4332724223967389,-1.9932747640307373,1.0
2175,0.24784443350520977,0.007635303502547041,-1.126895394686409,1.0
2176,-0.0062164356001109325,0.22656812330596357,-0.8788142843388685,1.0
2177,0.0263724330916203,0.43684547035545673,-0.5827089491831413,1.0
2178,0.010481844480820682,0.2494910625294426,-0.9131378236421193,1.0
2179,-0.028834811504055695,0.3645021834346505,-0.849447390101218,1.0
2180,0.0590666347781162,0.2634845501329752,-0.8010681791827811,1.0
2181,0.03802085099598119,0.40544669058091104,-0.7494759095141453,1.0
2182,0.057888257956353974,0.4236674919736725,-0.6165045485424786,1.0
2183,0.040521129532049165,0.4822438947507502,-0.519090818452276,1.0
2184,0.020813718359810156,0.4125496664175522,-0.6482145870693046,1.0
2185,4.60074309457982,1.2989128244759462,0.1524519164854359,1.0
2186,4.688675295949726,1.016968780541503,-0.08313293418580639,1.0
2187,4.609264277919609,1.200387581567961,-0.1481562002055393,1.0
2188,4.6452569020454835,1.1945258415521989,-0.02003821797603259,1.0
2189,4.706899377178669,1.1036139253621047,-0.16402165745074757,1.0
2190,4.673661531789279,0.9740783328222145,-0.32430724455230436,1.0
2191,4.604133414721144,1.2283380914565973,0.2051571523481278,1.0
2192,4.594014972650908,1.0293269516958725,-0.20438402986189672,1.0
2193,4.669330522124199,0.9149794445517813,-0.0562468656222214,1.0
2194,4.695475589588795,1.0235555821434135,-0.07737071118150658,1.0
2195,-0.31114254041409195,-0.944031493813523,-0.7511728168749017,0.0
2196,-0.01332398558537,-1.5073920849035451,-1.5089416684122208,0.0
2197,-0.045190254219281065,-1.4582438917602416,-1.3618344453541367,0.0
2198,-0.2298286140779516,-1.090041946604124,-1.0713563238408441,0.0
2199,-0.2420229528860707,-1.1667309038664069,-1.0002585103797068,0.0
2200,-0.004249360705995431,-1.5075006507677453,-1.383324890327079,0.0
2201,-0.2261711110134681,-1.1193932697227353,-1.11636422008688,0.0
2202,0.00515712668883763,-1.4827432838105914,-1.3967885351709273,0.0
2203,-0.22309475839371928,-1.1130277957252608,-1.0062649849438774,0.0
2204,-0.2319670743909454,-1.1843943653776328,-1.2879319515369363,0.0
2205,7.497086078037868,1.4108235284580104,2.184880682306377,1.0
2206,7.545789672135961,1.2582658552652128,1.9263396346203692,1.0
2207,7.533615103332868,1.4377518815879102,2.216941185677444,1.0
2208,7.585615321033694,1.2828901273652307,1.6744265046527536,1.0
2209,7.531456995394678,1.3772911151054135,2.04614396750199,1.0
2210,7.508808519906549,1.356494399579112,2.1098499343423955,1.0
2211,7.301412480794222,1.403634380000481,2.192347113490896,1.0
2212,7.533752645844254,1.2797165469995548,2.0047320408634635,1.0
2213,7.552794464231322,1.3727744020093924,2.0839208916408216,1.0
2214,7.470896155283671,1.2855228003547485,2.1010475387769647,1.0
2215,6.271376852064813,1.4063163581945146,0.10832480438152287,1.0
2216,6.323044889822645,1.5231798740512608,0.22627643657780872,1.0
2217,6.318417076386,1.5117067625420242,0.2680456310294348,1.0
2218,6.337121513569132,1.4027824926921406,0.1554874035707451,1.0
2219,6.311281940743893,1.4828705028594358,0.255214893430215,1.0
2220,6.282564642169261,1.4515502638629103,0.16168167401392775,1.0
2221,6.368046403323608,1.3087448485192248,0.007912899789246157,1.0
2222,6.325593777740591,1.6073400930940487,0.2568562355778566,1.0
2223,6.31070327553952,1.4486696454186596,0.1847975116713072,1.0
2224,6.336454243393098,1.4507297451132861,0.25043574758292225,1.0
2225,-2.5966048854184676,-1.5958899950154237,1.2695716246410236,0.0
2226,-2.5108831047630424,-1.5748107059105065,1.1984916823340568,0.0
2227,-2.5206217825730817,-1.696020972878433,1.2583739455765346,0.0
2228,-2.5877961835904246,-1.6777605841526622,1.4919963541358732,0.0
2229,-2.334867546492833,-2.0569629321260807,1.0583141004903938,0.0
2230,-2.6726254821425393,-1.5253953263772375,1.5892486751870822,0.0
2231,-2.5649588038785462,-1.5833422000659305,1.3929347317395206,0.0
2232,-2.202140898322429,-1.980541741823105,0.7357593975464335,0.0
2233,-2.5660381695817955,-1.6099100271848192,1.112523925563129,0.0
2234,-2.5067868449453954,-1.529317414759232,1.3343180675623962,0.0
2235,-4.410474863089723,1.0324039357649428,1.2070742627371218,1.0
2236,-4.3204551992667435,0.966703697189607,0.9260294682325947,1.0
2237,-4.158947827223789,0.8303283230771314,0.6527507394720599,1.0
2238,-3.9179819533808877,0.32191950232201344,0.16115740751367744,1.0
2239,-4.375010036780876,0.7111155675327003,1.086100135298245,1.0
2240,-4.564412541527074,0.7998740902620807,1.5965971874464915,1.0
2241,-4.653842965386065,0.8318775466799924,1.4022838365750092,1.0
2242,-4.6233023009905025,0.8767295333221763,1.5870718303763551,1.0
2243,-4.553255536598417,0.973995869431361,1.6052880160249163,1.0
2244,-4.484222675208246,0.8196588119564631,1.8441915100707653,1.0
2245,-3.458699350708723,0.6462763996733204,0.6601417716278386,1.0
2246,-3.3850100615044525,0.5826195640203058,0.5193858388363242,1.0
2247,-3.282536022957626,0.7059257667824779,0.46102568011972056,1.0
2248,-3.032926903993992,0.19279863494115768,-0.012182663944708981,1.0
2249,-3.302418232882094,0.5386434962429607,0.3229753119003739,1.0
2250,-3.3807059911062263,0.5872546400620293,0.4579688006416033,1.0
2251,-3.2902755149380396,0.5866352198208237,0.5860676760163529,1.0
2252,-3.263230003377786,0.593649249433618,0.7320688592234016,1.0
2253,-3.1848205728549686,0.33915368636292414,0.4830391823920335,1.0
2254,-3.1064408679022364,0.4537855289000743,0.506514192759453,1.0
2255,1.985286123138183,-1.7483955353650311,0.20115142552634935,0.0
2256,2.013415105404619,-1.8343628708149342,-0.010198023734499692,0.0
2257,2.269209765198508,-2.0851016266138513,-0.1508576960997346,0.0
2258,2.0647151448125536,-1.708374061600897,0.1846120819263238,0.0
2259,2.2612101580302073,-2.1636322834356028,-0.1261381202359232,0.0
2260,2.0372327785660462,-1.6303032187854944,0.3368309083444907,0.0
2261,2.0505523080971226,-1.4736539814551446,0.5118911160469423,0.0
2262,2.041657127532956,-1.8076867610235374,0.29038216542506645,0.0
2263,2.04661470471472,-1.5321544316936755,0.46983322066929206,0.0
2264,2.0105961783033326,-1.6314779738821472,0.3176389531993708,0.0
2265,0.8319068375055397,-1.156834570566855,-0.5745124155331061,0.0
2266,0.8625824879768413,-1.0335621277501688,-0.34134074544250015,0.0
2267,0.874128129581259,-1.1831078821843626,-0.5064034352877156,0.0
2268,0.885149052901769,-1.0449601629768406,-0.3936603233877625,0.0
2269,0.8693599417237068,-1.0480373224488508,-0.2931759639252272,0.0
2270,0.966048291104549,-1.5830494196522924,-0.5363840766225619,0.0
2271,0.8260068813741164,-1.1481523307668549,-0.45400774085021,0.0
2272,0.9293667332518103,-1.2423396953098709,-0.5619628867025034,0.0
2273,0.8159296488203444,-1.0679616541843713,-0.5476747588251019,0.0
2274,0.8858003990448496,-1.0811216332867193,-0.2334866639740434,0.0
2275,2.498346760806356,1.0548394031030544,-0.6162307950437268,0.0
2276,2.537846824779114,1.116470960955219,-0.08969425256611266,0.0
2277,2.2845908191212176,1.0194330803892258,-0.24954069423774164,0.0
2278,2.5717324130713193,0.5687834847091187,-0.537514421802568,0.0
2279,2.5501624197428048,0.955712418089553,-0.0977082709992736,0.0
2280,2.4218049107161446,1.1447661286920883,0.018768440849021416,0.0
2281,2.3492123199435606,0.8881699742554507,-0.19264162508197313,0.0
2282,2.3610695411711715,1.0300585835568332,-0.3235785990109894,0.0
2283,2.5097094529863,1.1639655627124987,0.1952614458983695,0.0
2284,-3.248634992909724,-0.8073569332011431,-0.0855630305297474,1.0
2285,-3.1638083585647667,-0.7575504956298661,-0.019594006064220137,1.0
2286,-3.175183313735629,-0.7392455807164574,0.023976074953298298,1.0
2287,-3.2630897660582963,-0.70388268342195,-0.05387785994433187,1.0
2288,-3.182173578413348,-0.6410475360367893,-0.12171012790885197,1.0
2289,-3.1646456971395978,-0.7023995232648551,-0.13846168436440257,1.0
2290,-3.1787937896694167,-0.5861117648476523,-0.008535511583786237,1.0
2291,-3.2062575074284623,-0.6585171607955186,0.13670049282778746,1.0
2292,-3.2633581656799024,-0.7043955790889407,0.11477064720492237,1.0
2293,-3.167510917466365,-0.6781982409318988,-0.005350415923696572,1.0
2294,-4.248723186027117,1.9123153999166775,-0.03253876568448778,0.0
2295,-4.331779508052375,2.1633753490485654,0.35948018862132247,0.0
2296,-4.3401552101909955,2.269358592681771,0.23782065730925644,0.0
2297,-4.298651408977554,2.0559567159205567,0.06938625260285126,0.0
2298,-4.300370955659853,1.9929621007429972,0.32229173338054584,0.0
2299,-4.429031852427329,2.13125100921164,0.3997119605331662,0.0
2300,-4.300912240896312,2.0071126443498897,-0.28407151053120594,0.0
2301,-4.25200790224638,2.036695476985946,-0.07759074872939609,0.0
2302,-4.4174625685086175,2.331729697989002,0.40026238354436827,0.0
2303,-4.242587426497093,1.9577964318265524,0.05171132747613862,0.0
2304,1.9947938780912453,-1.014346325555288,-1.2320125305144392,1.0
2305,2.0634434594506996,-1.1727242764751173,-1.2659622617635964,1.0
2306,1.9822557693985898,-1.0898842535456914,-1.270550179633535,1.0
2307,1.976824374914237,-1.1560558717086309,-1.4085968429816884,1.0
2308,2.035950002862414,-1.160920503633974,-1.3098633354646887,1.0
2309,2.0149991734855655,-1.0739008606732219,-1.2997345696380187,1.0
2310,1.9512187404610155,-1.1979209762198952,-1.4040317675056635,1.0
2311,2.0083931357337477,-1.2251012758973516,-1.6078271822969794,1.0
2312,1.9956337403131528,-1.0210446845623973,-1.273817113431958,1.0
2313,2.0894059806719745,-1.0384773412185129,-1.576998216816157,1.0
2314,-2.284415725555964,-1.1672700916824055,0.23548694118905822,0.0
2315,-2.3324331732684103,-1.0399851886969378,0.21649575153036166,0.0
2316,-2.2859596332969905,-1.4096883080807696,-0.1856769898971143,0.0
2317,-2.2552188597230636,-1.2975901670161942,-0.03034745530551818,0.0
2318,-2.3228078074122127,-1.3993910463005985,0.12883313783707165,0.0
2319,-2.3182236133502627,-1.2949397309900907,0.17946430133289995,0.0
2320,-2.3097122376173878,-1.3330891991738016,-0.15493638110866645,0.0
2321,-2.340040212828054,-1.370704558681267,-0.10947812400192596,0.0
2322,-2.346090510987282,-1.400258964445895,0.17880872954611032,0.0
2323,-2.3366878584960085,-1.2326899963725007,0.28807330953606713,0.0
2324,-1.8008433557808337,-1.534528438790763,-0.08781842443125429,0.0
2325,-1.7328403418454432,-1.5166449725610096,-0.24439146679086754,0.0
2326,-1.7836821001020373,-1.5681244712196971,-0.2826216646503699,0.0
2327,-1.7330709171719019,-1.5393519442748917,-0.37606146396784135,0.0
2328,-1.7702276807154391,-1.7209530574161853,-0.3068293706947782,0.0
2329,-1.5341454462886484,-2.0628991012580835,-0.5489627797193364,0.0
2330,-1.8137254148933957,-1.5724752867396845,-0.5049924995701978,0.0
2331,-1.6798790601994653,-1.6836548888795806,-0.3488272200635248,0.0
2332,-1.7563660125036553,-1.6031490577407692,-0.3488775334732025,0.0
2333,-1.748239201482089,-1.59827215771916,-0.3486088430936293,0.0
2334,0.009170264460051087,-1.7522296192860278,0.6168498849589985,1.0
2335,0.04312901821113719,-1.8888477661286203,0.5636796227704769,1.0
2336,0.11150677276426012,-1.9784919021607126,0.6198208783903567,1.0
2337,0.03049928603964241,-1.5674254203695812,0.616832775339625,1.0
2338,0.08393157350610987,-1.8980094397975271,0.4630262672387847,1.0
2339,0.30604636276426656,-2.2553379744384436,0.0925065900973592,1.0
2340,0.03301017321700381,-1.688981398719335,0.6992859914811073,1.0
2341,0.11927706667576385,-1.9254536564899156,0.4722640946420713,1.0
2342,0.0417951590716048,-1.7729699474733374,0.36748136032059536,1.0
2343,0.04384551380313843,-1.6934260684172415,0.7955460468536352,1.0
2344,-0.5276847067170443,-1.5150609454486899,0.10310265428743665,0.0
2345,-0.5661281562497446,-1.484393579070091,0.26353491473723145,0.0
2346,-0.5105785111042767,-1.566761344237794,0.19273338018450528,0.0
2347,-0.2210257152096819,-2.0482418308548582,-0.3933783197857919,0.0
2348,-0.4649150623947664,-1.578941168165424,-0.05522500494447565,0.0
2349,-0.4129265797491829,-1.409853614345472,0.2506499616177333,0.0
2350,-0.4249752869594071,-1.5903971568489734,0.15897269271070272,0.0
2351,-0.4545414953396229,-1.5538304307666782,0.06744072610629467,0.0
2352,-0.44820888657832675,-1.5637606282388543,0.08693763419366413,0.0
2353,-0.4709220923841842,-1.3663887856494186,0.3302979987330467,0.0
2354,3.966052420259295,0.43285423029870407,-0.8347765592483684,0.0
2355,4.251965437516881,0.09972694056866248,-1.2498622224694025,0.0
2356,4.0960458373079724,0.5809269961638593,-0.5323392749430079,0.0
2357,4.080848696205945,0.49409983339436925,-0.7462833585639221,0.0
2358,4.138378173813677,0.38682302895957144,-0.522819454738052,0.0
2359,4.3035896519428265,0.31855192136831195,-0.6122819919322683,0.0
2360,4.05344493569893,0.5377702260650253,-0.36124444746424256,0.0
2361,4.046074801008424,0.4537915202242298,-0.5330105960996808,0.0
2362,4.254009112217914,0.2873855922503283,-0.622201823225153,0.0
2363,4.235379251304166,0.2217102220570843,-0.362661870214319,0.0
2364,-3.870891764418312,0.3223359736051465,0.5402232696486927,1.0
2365,-3.9636049102930295,0.5414191402592036,0.8029379321874023,1.0
2366,-3.9394428626676716,0.5882531370701248,0.8714847146265949,1.0
2367,-3.7751090857840857,0.42171106498955485,0.5237739277351727,1.0
2368,-3.8767942901852037,0.6834464157595037,0.7590566600488367,1.0
2369,-3.89412940378209,0.5743376344307475,0.649967426256839,1.0
2370,-3.825982727170738,0.48943904324820847,0.35890416616408405,1.0
2371,-3.9057159126814693,0.22697233411496903,0.8566093807854084,1.0
2372,-3.8714426778617157,0.3698232316581518,0.5969996010390202,1.0
2373,-3.952499114192314,0.3840738223712315,0.4023197397223657,1.0
2374,4.256599595119572,1.907440935215362,0.9249900360128308,1.0
2375,4.119486058270611,2.162918222458707,0.9233406661081989,1.0
2376,4.228354440299096,1.854141962529707,0.5747939514943149,1.0
2377,3.979931142810141,1.8105538211298946,0.2562187410005653,1.0
2378,4.099046335819788,1.914726863186047,0.20065920317855865,1.0
2379,4.04156086908734,1.8264934132904056,-0.31296708194912337,1.0
2380,4.04903520269926,2.0637732571057823,0.011110562940792481,1.0
2381,4.177866987497924,1.9506227502344022,-0.04555569797001768,1.0
2382,4.364323963963992,1.7991023314652619,0.512136348268712,1.0
2383,-1.6469119095535567,-1.718796371386862,-0.49283310010528125,0.0
2384,-1.41213428245314,-2.2113443788130054,-0.8241633701947425,0.0
2385,-1.6533653154184162,-1.7880916106955629,-0.5490457790404017,0.0
2386,-1.6519017473294992,-1.7883529782646934,-0.5705771738555017,0.0
2387,-1.5675245431138976,-1.7556952488824167,-0.2921542414132744,0.0
2388,-1.5906567317707974,-1.851171437965801,-0.4570087532642251,0.0
2389,-1.6516477096508237,-1.8179344569808789,-0.47723794107515277,0.0
2390,-1.6073167234653767,-1.7432646794652273,-0.4506949279268817,0.0
2391,-1.6014070812865882,-1.6295198228692964,-0.2364606681278885,0.0
2392,-1.616284303627214,-1.8619719591122241,-0.6209927186035611,0.0
2393,4.467795655573078,0.9473312191239114,-0.051831797840346486,1.0
2394,4.531530024833424,1.1194073839926917,-0.06028563213720598,1.0
2395,4.7756242998911995,1.098377311243046,0.03025748886793846,1.0
2396,4.542578916001519,1.1722283371482949,0.03371737968742635,1.0
2397,4.547897065387951,0.9479330193820871,0.596126664961875,1.0
2398,4.48992611475851,1.0967027303951709,0.2490972048666411,1.0
2399,4.658591635549472,0.8237634467183944,0.4325054834766617,1.0
2400,4.624327808577011,0.9743797195040039,-0.08313183013332105,1.0
2401,4.639058260180556,1.0710999288277336,0.15169794930066738,1.0
2402,4.468316846015282,1.2092609235186824,0.2582593841705237,1.0
2403,-4.572811551846254,1.0808289476911743,1.3977363370150382,0.0
2404,-4.59081450851133,1.04021072365654,1.3649601455991567,0.0
2405,-4.7124309510668265,1.0786390355146547,1.354607751480475,0.0
2406,-4.5720644226774745,1.0553608564822052,1.0693308105605117,0.0
2407,-4.708565576158748,1.0375366523736624,1.33006425973496,0.0
2408,-4.636747182380681,1.0898007783108867,1.5557687697186695,0.0
2409,-4.603181220150976,1.154540377376159,1.5740492572473161,0.0
2410,-4.585114340635608,0.937406539299955,1.0257343513323016,0.0
2411,-4.584588055068553,1.117768146956429,1.3543566356859322,0.0
2412,-4.633347000814786,1.037229511411176,1.1315702973826158,0.0
2413,4.14350404385379,-0.5244240027487822,-0.7731100352517849,0.0
2414,4.070883488062715,-0.3809948482361854,-0.6979374443924395,0.0
2415,4.136030811187916,-0.6596759857221162,-1.0703973026457576,0.0
2416,4.399826082522259,-1.0338984360425374,-1.3968405094582343,0.0
2417,4.3559712868385425,-0.9698631252626524,-1.304894897467063,0.0
2418,4.114091260476025,-0.43163035494267854,-0.7262165007354191,0.0
2419,4.101967093952263,-0.5791323284757557,-1.0560088787487292,0.0
2420,4.15674136442482,-0.592762248977227,-1.0044379190980892,0.0
2421,4.143552549578132,-0.5655929450403797,-1.037792826380372,0.0
2422,4.218762856196658,-0.6207175185770866,-1.1129320943852354,0.0
2423,4.089985500416485,-0.5701065796261789,-0.9863778153940536,0.0
2424,-3.0485385954325377,-1.6988714281495112,-0.021718921251882312,0.0
2425,-3.072516781917698,-1.8377343327738682,-0.21303908598432078,0.0
2426,-2.9556389122897135,-1.7083022865943647,-0.40177831562124827,0.0
2427,-3.0230490730479755,-1.9167471244364418,-0.33066159188119404,0.0
2428,-2.9583984425636287,-1.793425728829627,-0.4227046671111333,0.0
2429,-3.021012607431378,-1.53378476983428,0.004409785300995021,0.0
2430,-2.9879397575624513,-1.9077542114106674,-0.030694722832734975,0.0
2431,-3.0865573893004212,-1.8470537795451107,-0.1485924257896499,0.0
2432,-3.0998225609236125,-1.8672757138562308,-0.4444498641237909,0.0
2433,-2.97478276527483,-1.831247684143969,-0.21226385490545258,0.0
2434,-4.350949709016943,0.8348892384588268,1.084993297484057,1.0
2435,-4.260438362005621,0.8349842624186633,1.5385011547563017,1.0
2436,-4.4376909017402,0.7545030816468434,1.0341300581504858,1.0
2437,-4.186040505119454,0.6325752949681166,0.9515277438507381,1.0
2438,-4.27750906226713,0.5764751006755772,1.6971015601857757,1.0
2439,-4.454955678304754,0.8294414220042163,2.178470212345318,1.0
2440,-4.466558443486857,0.6061639304043908,1.996968762018178,1.0
2441,-4.334378121016663,0.5177967209468618,2.127359389189591,1.0
2442,-4.439256932350518,0.7108300841456681,1.7940959097503393,1.0
2443,-4.337352594946165,0.6665558424293845,1.5460332128235754,1.0
2444,7.488079490649541,2.9119561396013354,2.4452062436965867,1.0
2445,7.441540282835745,3.0143497210366723,2.6921944239548847,1.0
2446,7.480646832875079,2.888480928709738,2.4338719783946825,1.0
2447,7.378913202597401,3.0299239915412945,2.172949844015954,1.0
2448,7.340784890236253,2.9073240196815036,2.56993050457588,1.0
2449,7.453772951876838,3.0155674125514627,2.671399943914173,1.0
2450,7.430650312375519,3.051969471054525,2.5714600351424064,1.0
2451,7.4551153703163076,2.9609810799822136,2.3851785506472147,1.0
2452,7.4728352259269615,3.101350934276895,2.6221507466580447,1.0
2453,7.417463438899723,3.1151486327267066,2.522444543409004,1.0
2454,-0.29186624496273944,-0.7644041965997347,0.2256856477344605,0.0
2455,-0.486525147405007,-1.0594693527127919,-0.4171270710093819,0.0
2456,0.16185038646212804,-1.1233269233162517,-0.861729994622087,0.0
2457,-0.16290525483304252,-0.6461175507272313,0.029566111737360477,0.0
2458,-0.2781867009461166,-0.7859050845929442,-0.1505166764020583,0.0
2459,-0.34150748310638906,-0.7256346968907822,0.02226729537382867,0.0
2460,-0.33564918953470196,-0.5849364434820862,0.06051069137524395,0.0
2461,-0.3466780811072275,-0.6472688839848787,-0.037960994612852114,0.0
2462,-0.10154001974175321,-0.8986338988385383,-0.07597559981386345,0.0
2463,-0.009435983747633209,-0.8144833565531795,-0.1492975389362471,0.0
2464,2.753071259392496,-0.777799729116161,0.10175230790889939,0.0
2465,2.74633258625337,-0.7075169562727155,0.35058740546321154,0.0
2466,2.7385290377525444,-0.6465509659496245,0.3428899424462024,0.0
2467,2.777990105926464,-0.663054514350109,0.4040022981262524,0.0
2468,2.771371400134174,-0.6912629923806823,0.2857282198643141,0.0
2469,2.7326561071361986,-0.6656878496161378,0.6098173832887971,0.0
2470,2.794870447489825,-0.747050138787613,0.43751058241520746,0.0
2471,2.756148154970665,-0.5215316172684529,0.6341186255260555,0.0
2472,2.7798616205749997,-0.6905433265297536,0.46324912388255934,0.0
2473,2.954801408050313,-1.1257605067066516,-0.07335093903974789,0.0
2474,-2.009282204495329,-1.600547963660308,-1.430784189124461,1.0
2475,-1.9293256148847553,-1.6878253123570135,-1.2098344988867868,1.0
2476,-2.0411647422554133,-1.3514258589895451,-1.0754423350219313,1.0
2477,-2.0280002663630765,-1.5684818706497623,-1.290704149848138,1.0
2478,-2.080195427017035,-1.6004667899424854,-1.146353470200846,1.0
2479,-2.0643180845126308,-1.6219034069032972,-1.0293154329240113,1.0
2480,-1.9012810950426344,-1.645583189478815,-1.5201634577869156,1.0
2481,-2.005752784138899,-1.3321026616173008,-1.31278418945885,1.0
2482,-2.0634219533848115,-1.6639203911524976,-1.3391747420466564,1.0
2483,-2.0080148381292484,-1.5019491573944936,-1.1812449475508233,1.0
2484,-0.6265371760741413,-0.9406204067704133,-0.2255049944411321,0.0
2485,-0.6506992075783337,-1.0226012824805022,-0.30875712717466297,0.0
2486,-0.6054051161166686,-0.8367438821019175,-0.12078745191219396,0.0
2487,-0.5905512786647557,-0.9067683513887286,-0.20088797083407267,0.0
2488,-0.6732424051789458,-1.0107339436262066,-0.1437803522206284,0.0
2489,-0.6261101429152202,-0.7499615413149169,-0.19264719503079564,0.0
2490,-0.6805832261548095,-0.7429859586755322,0.07406242310002943,0.0
2491,-0.635892640540853,-1.02270287227228,-0.06495827849742379,0.0
2492,-0.6464940800974748,-1.0442403955447528,-0.19611069378156784,0.0
2493,-0.5867949314205526,-1.028020822806112,-0.5783608188309286,0.0
2494,-2.229492658967544,-1.1927503271747664,0.623880808029371,0.0
2495,-2.1750013829477886,-1.1297071857024545,0.6416736850424112,0.0
2496,-2.3123508773067223,-1.0929097142266122,0.40986314184152206,0.0
2497,-2.367316704766959,-0.9335553347919379,0.6118255399047517,0.0
2498,-2.3325782999618756,-0.8746787024381387,0.6455323847493132,0.0
2499,-2.283546033421297,-0.999687360151697,0.34130328480701205,0.0
2500,-2.2922401333501488,-0.8849456262152279,0.8874162357341535,0.0
2501,-2.2711331915840582,-1.0789349405924247,0.5244916359050277,0.0
2502,-2.3804076083509393,-0.8613975836737352,0.8605480542285577,0.0
2503,-2.4984548753601086,-0.9932794869838253,1.2697325508241966,0.0
2504,-0.8351320616487421,-0.16065095595606393,-0.00825332356644994,0.0
2505,-0.925711927274276,0.0757940115280865,0.19403606471127688,0.0
2506,-0.8541640920744948,-0.18476249231532987,0.16220308986038448,0.0
2507,-0.8110206663941966,-0.26888990517761985,-0.18940360385192265,0.0
2508,-0.8412779897149872,-0.28852113476169794,-0.10391803467549995,0.0
2509,-0.8189451402720332,-0.2057742634136727,0.15505136423330987,0.0
2510,-0.8024285389514222,-0.296133981153448,-0.04621910318072482,0.0
2511,-0.8007265881092368,-0.26886924818147195,0.053583578708018366,0.0
2512,-0.7920912226952825,-0.32114385589205763,-0.044535414379777115,0.0
2513,-0.835359720432898,-0.18476538402725848,0.1809455681103071,0.0
2514,4.729033722951411,-0.32925608679402657,-0.5196788453148034,1.0
2515,4.7952158035120345,-0.4257425010597751,-0.3406134950358172,1.0
2516,4.72021576744439,-0.3751589545241857,-0.6333625597784661,1.0
2517,4.789611264847177,-0.39557267569931004,-0.4176582532236571,1.0
2518,4.800594017678817,-0.2437170289276494,-0.28633206967367847,1.0
2519,4.834963543996967,-0.31690828707805835,-0.24663161241703563,1.0
2520,4.856689793677366,-0.29005009566992435,-0.2571534348759996,1.0
2521,4.60948120685163,-0.27855748908428923,-0.4150077058374093,1.0
2522,4.709335848523062,-0.36610190214261795,-0.41563382324810494,1.0
2523,4.749512065714452,-0.26681804371540807,-0.2955471819418523,1.0
2524,-4.390692711068919,0.734093896349078,0.7907517049595231,0.0
2525,-4.29776770270263,0.5920318463739977,1.680974706814595,0.0
2526,-4.80968939523973,0.6113986783413149,2.3945721273581975,0.0
2527,-4.587218938692043,0.6135646689024555,1.5134571202063538,0.0
2528,-4.137235790990568,0.23033609078849446,0.6604524724626974,0.0
2529,-4.582126812817543,0.486852987551964,1.3942154242157383,0.0
2530,-4.756565804533406,0.6563249103261382,1.4619026426502917,0.0
2531,-4.5962116333065195,0.6770324279371548,1.3886625311621927,0.0
2532,-4.643007133958126,0.6615777430893403,1.0601593748085933,0.0
2533,-4.424941501698819,0.749701635778905,0.9730443596941553,0.0
2534,-1.3235082912026612,0.6703433874014026,-0.5578566260372204,0.0
2535,-1.3730564489238357,0.7581545171536518,-0.5227132724876447,0.0
2536,-1.2740265347887516,0.8497162055116694,-0.7428636989137456,0.0
2537,-1.2589761742670216,0.9571279407175571,-0.5143971111282122,0.0
2538,-1.2644393773993796,0.8868571121771449,-0.4416807388562773,0.0
2539,-1.2343187347937372,1.0226853547910715,-0.2896566170413864,0.0
2540,-1.1919022065787928,0.8226177541637365,-0.4258618514694589,0.0
2541,-1.2263984301381772,0.6916959522719789,-0.5169520099810716,0.0
2542,-1.2769531317213436,0.9306591115112179,-0.3820149861019772,0.0
2543,-1.172779784467259,0.8736198599901569,-0.4119911841916044,0.0
2544,3.6271957916063324,0.7929345219359931,0.6172922405339587,0.0
2545,3.5743675804369555,0.6654321122181119,0.8081657975323344,0.0
2546,3.6352651138230807,0.9519025842802081,0.6320927238329084,0.0
2547,3.6401487208169625,0.8098467664956562,1.029918622046067,0.0
2548,3.6378020439811163,0.7648659400321188,0.9153588765727476,0.0
2549,3.640922952191252,0.8405883525917617,1.05896263542478,0.0
2550,3.643172296534208,0.6446316512308027,0.7718787455913481,0.0
2551,3.7095748578422962,0.8917245542032742,0.9201041526845142,0.0
2552,3.694570798568123,0.956051545632357,0.8574343890999933,0.0
2553,3.6638932840151,0.8510790767378295,0.6689297657959189,0.0
2554,-3.09882244202197,1.013046190591847,0.22431137514513094,1.0
2555,-3.0706215446946548,0.810497006476578,0.09250704025953621,1.0
2556,-3.061643236801225,0.9718366123481638,0.10197016241646972,1.0
2557,-3.0502221668025036,0.9622559185066909,0.14062280012250292,1.0
2558,-3.02124493605174,0.9490251858073463,0.18179854032337295,1.0
2559,-3.0897494134170813,0.800968681703861,-0.16824252323334554,1.0
2560,-3.017891326538555,0.7934816251325642,-0.10715180069158622,1.0
2561,-3.0183983816624576,0.7209857111932773,-0.10618055740483619,1.0
2562,-3.00941541503637,0.9339583023391331,0.08459659005018991,1.0
2563,-3.0223696913435343,0.8264389422606522,-0.01354627462914345,1.0
2564,-0.995251006189289,-0.775134144489682,-0.3825070659636946,0.0
2565,-1.0198623181609277,-0.9792188509040182,-0.5961397401493401,0.0
2566,-0.9728197115875955,-1.036872879714872,-0.5820544424352384,0.0
2567,-1.0661955917886798,-0.9536654245382937,-0.3968839800308442,0.0
2568,-0.6966433448679102,-1.374697510937621,-0.9727062263947632,0.0
2569,-0.9748963121417159,-0.9775463517671199,-0.6813046841256595,0.0
2570,-0.9750110719988411,-0.9947414865027296,-0.5478043801292604,0.0
2571,-1.052395114328102,-0.7799092816154671,-0.2033833880611494,0.0
2572,-0.9703453341033227,-1.0958744891188723,-0.7953270233840372,0.0
2573,-1.0427999560250538,-0.8697796884719278,-0.22922917617160338,0.0
2574,-5.339007841191545,0.7607675802499736,2.3392458545690644,0.0
2575,-5.268913121627249,0.700041776135528,1.9229401805213393,0.0
2576,-5.034543555492226,0.2644809253050194,1.0036492324835808,0.0
2577,-5.412310321471017,1.0993711319652706,1.7885956051975802,0.0
2578,-5.352148196433561,0.40762502373033815,2.1526182086040824,0.0
2579,-5.342974676849124,0.5909825016917127,2.8479086220648826,0.0
2580,-5.759637307197238,0.8432603597562138,2.9564675877734663,0.0
2581,-5.630291045289827,0.7644202625833344,2.50433876138031,0.0
2582,-5.286820515446367,0.7081337053562085,2.1855111177193036,0.0
2583,-5.313408262151397,0.7576263486903341,2.4243649408636347,0.0
2584,-3.036415096857987,1.1791542327098707,-0.5440586255809537,0.0
2585,-3.0251812213615104,1.1041848363148272,-0.6544931221684371,0.0
2586,-3.00871622910616,1.0448180977173407,-0.5775873247484944,0.0
2587,-3.038140553424,1.0337782385356487,-0.4422131541189909,0.0
2588,-3.0564903484378663,1.3202504330501004,-0.31950739807719947,0.0
2589,-2.965642650732941,1.2121329301561203,-0.3033953699314811,0.0
2590,-2.969279279745297,1.1040346612287977,-0.5090239180751498,0.0
2591,-2.9945867785859033,1.3192615877141483,-0.3796770065460213,0.0
2592,-2.961544166571009,1.0432840386977584,-0.7015673412506884,0.0
2593,-3.054887915093957,1.3404089900299285,-0.41202677998267934,0.0
2594,1.1050868075741516,-0.7657301123963692,0.6907777619610094,0.0
2595,1.0929055099304872,-0.7426211335210126,0.7707192468157633,0.0
2596,1.2013796928107396,-0.588209740463835,0.9613075070347602,0.0
2597,1.1283713710365488,-0.8246826123293252,0.6672643987632139,0.0
2598,1.1960038759484313,-0.862608871392168,0.45148929811952365,0.0
2599,1.1646468524908156,-0.8305813260555107,0.7950594368632411,0.0
2600,1.118160508259967,-0.8544406007263332,0.4022791141059035,0.0
2601,1.2011320561565801,-0.7605508755765431,0.7822575210603916,0.0
2602,1.4215356817886005,-1.1491371246359694,0.08185740656849981,0.0
2603,1.1734513839309542,-0.7537476348595856,0.6609821318559413,0.0
2604,-6.237920725180924,3.102703880289848,2.0210969062835975,1.0
2605,-7.015033884426551,3.7960492447700016,3.778657684904579,1.0
2606,-6.476697079679794,3.1075059288918085,3.1555172717189803,1.0
2607,-6.4708380108084045,3.342161830766772,2.486006821958403,1.0
2608,-6.165215989828258,3.2743797120371734,1.4417367004952648,1.0
2609,-6.555668970914562,3.70568466683303,2.1376960001896816,1.0
2610,-7.020182982186613,3.644687576743923,3.1881262605798484,1.0
2611,-6.977135229190188,3.1378313134570517,3.231845126170526,1.0
2612,-6.475946172525371,2.9939132803834916,2.664124392727529,1.0
2613,-6.6685043058542215,3.186626795856076,2.8930142936888514,1.0
2614,6.67396428681413,2.2182386829529444,0.9355903975866158,1.0
2615,6.667085172732898,2.18752481330809,0.8558710306448641,1.0
2616,6.806428149775805,2.177667157868472,1.141153839406091,1.0
2617,6.712419116338509,2.2967773108465748,1.071345787549485,1.0
2618,6.738098504833219,2.178277364217868,0.9402473309502428,1.0
2619,6.598928894816436,2.3472005077450837,1.1677836532792403,1.0
2620,6.67321778767594,2.494517178973963,1.137127990944819,1.0
2621,6.680281229422294,2.4731109534681996,1.0922949488146951,1.0
2622,6.716377943869944,2.2709008540877464,0.9191929228242457,1.0
2623,6.865334129274602,1.8478165738251158,0.5663541791820101,1.0
2624,-0.9511678532924221,-0.16597017226467498,0.36358855812407076,1.0
2625,-0.9477174463307977,-0.05211736501460781,0.5846967405033008,1.0
2626,-0.9210819981004991,-0.08004082394180867,0.6381351464720639,1.0
2627,-0.9534607184336449,-0.19711513441611103,0.20203780949699246,1.0
2628,-0.9220434450937595,-0.22597155683427234,0.4655946674014678,1.0
2629,-0.9850354970636064,-0.1469816889874455,0.44360955404178487,1.0
2630,-0.9489243638461845,-0.0527833938143016,0.5466181596659401,1.0
2631,-0.8933892946337094,-0.18852878982216514,0.31176096790244057,1.0
2632,-0.9322805823747085,-0.1290562830909706,0.16286259968839206,1.0
2633,-0.9360924305283089,-0.17521612086601995,0.40442114413832175,1.0
2634,-4.39256277663817,-1.046307533489174,1.8886395992380691,1.0
2635,-4.394859785391405,-0.9569077619078795,1.6075501650024957,1.0
2636,-4.421957288790185,-0.9341720774098852,1.8188725603970257,1.0
2637,-4.505679806739248,-0.7216050978052382,2.0432841934328994,1.0
2638,-4.357467731799816,-0.9284646203463257,1.3840748442409332,1.0
2639,-4.451808699508774,-0.9458199082077424,1.9474773250132782,1.0
2640,-4.602689426437701,-0.8373090181370562,2.1316329255059188,1.0
2641,-4.449273477381864,-0.7551552946729169,2.0270173515073973,1.0
2642,-4.39016048086752,-0.8131297733132463,1.6650846989059438,1.0
2643,-4.54843080311487,-0.8087881097000568,1.7968443649932668,1.0
2644,-2.3001998284901752,-0.5916920116573603,-0.09783065789326723,1.0
2645,-2.213222606503159,-0.7381411077325857,-0.44306273720385114,1.0
2646,-2.1801210509897837,-0.7096710498774459,-0.14822163721283568,1.0
2647,-2.247229887429455,-0.851177985508899,-0.3365946810004352,1.0
2648,-2.182334472586636,-0.5761086769768854,-0.252168958476552,1.0
2649,-2.2017741897187424,-0.8091990474142357,-0.5335209637716503,1.0
2650,-1.8171290292366933,-1.1202424234886381,-0.7342281198587132,1.0
2651,-2.1160355828946296,-0.7794889331078434,-0.31430590553113963,1.0
2652,-2.233264306027425,-0.8451986525549426,-0.1546561487502933,1.0
2653,-2.1742548802573958,-0.8585709026912136,-0.058910940479175826,1.0
2654,-2.8238741788859776,1.5603135245504698,0.05458289469902342,0.0
2655,-2.470875133885776,0.9461684758537834,-0.8661124737187663,0.0
2656,-2.8684498772517486,1.29124992704734,0.03189786810565248,0.0
2657,-2.979846700579009,1.4310916339450837,-0.11340024265093349,0.0
2658,-3.012489611527211,1.5891697472701223,0.23092426845142394,0.0
2659,-2.8149472434743084,1.5125955001892413,0.24617278960967384,0.0
2660,-2.7811103749177932,1.3520771840031076,-0.3844068696675808,0.0
2661,-2.9092749205828192,1.240723969145899,-0.38551898593111816,0.0
2662,-2.853557948412792,0.9093359058598295,0.09850767385391443,0.0
2663,-2.8025519724173202,1.4063073231884744,-0.3925038059218356,0.0
2664,-2.796440564051244,0.5335921754729259,-0.971713284827817,0.0
2665,-2.763334093674967,0.49971333295065895,-0.9564212003303172,0.0
2666,-2.882291114326455,0.5142586892443508,-0.7189498633111859,0.0
2667,-2.7131257263392037,0.42823778153732844,-0.7781105566256681,0.0
2668,-2.8792083298067745,0.4383249641083467,-0.8191561624087007,0.0
2669,-2.829300291144989,0.3625378541017625,-0.6723556520146253,0.0
2670,-2.845343050797892,0.3526003351770335,-0.660381942435609,0.0
2671,-2.774085211296182,0.5092926566817502,-0.6510311436217786,0.0
2672,-2.8035755536531606,0.6581463708042142,-0.3704529538720965,0.0
2673,-2.725661332825552,0.4108712671673766,-0.6858368858291254,0.0
2674,1.3279344132049147,-2.0273350955828517,-0.1986320069801392,0.0
2675,1.3473477985778937,-2.1644457349270807,-0.5016053156461351,0.0
2676,1.3168614856603644,-2.1158598663292634,-0.3738044001425552,0.0
2677,1.3456578909029295,-2.10158442810397,-0.13485811594635555,0.0
2678,1.4095827505998353,-2.1230909669904174,-0.2937185075464293,0.0
2679,1.299407026402659,-1.924085144839743,0.11603259892262717,0.0
2680,1.5070231594566719,-1.9172696238044982,-0.2589947519498206,0.0
2681,1.3006315550385075,-2.0122466559106726,-0.2575070996071103,0.0
2682,1.4252574783445882,-2.052431182198203,-0.10926940125757507,0.0
2683,1.341139968286514,-1.9638559649234382,0.05471552197064993,0.0
2684,-2.063960032146363,-1.3113135652561545,-0.15959157830424267,0.0
2685,-2.0308670038413585,-1.2582187492618198,-0.22556922244957056,0.0
2686,-2.0589726099302417,-1.3856980725035553,-0.15659996586042765,0.0
2687,-2.061958635984677,-1.2942379120763572,-0.3340407994359547,0.0
2688,-1.994900986299308,-1.2002397573284855,-0.6608482928532271,0.0
2689,-2.0090054838503515,-1.2508217720079595,-0.33852755632969567,0.0
2690,-2.1254348841116606,-1.2689597008316535,0.12223600477369663,0.0
2691,-2.1897693252208867,-1.0608597893067988,0.24200246388386037,0.0
2692,-2.0555461256048693,-1.33116996195789,-0.3886706773654468,0.0
2693,-2.2231763432434333,-1.0868849084138648,0.24340921710803898,0.0
2694,-3.994811676104195,0.03828084059192112,0.9377303561590559,0.0
2695,-4.048229509954618,0.10543525272581374,0.8258194793021668,0.0
2696,-4.067574487438272,0.33687378583478905,0.875786290498047,0.0
2697,-4.005619360705569,0.37773131036283997,0.6452968875043434,0.0
2698,-3.9598746706020376,0.40587873711271133,0.42753208634877543,0.0
2699,-3.8982802872781446,0.1340882889348517,0.24922741385083008,0.0
2700,-4.028428533746271,0.06852406555918433,0.8393567217192799,0.0
2701,-3.8798664937788687,0.1322198293628219,0.6081397093311167,0.0
2702,-3.9162055871604515,0.56307489661312,0.5784253858231678,0.0
2703,-4.057355077333019,0.5583126483467458,0.6364407865067954,0.0
2704,-0.5398263550000245,-1.7244863255492981,-0.15252953484562076,1.0
2705,-0.5906754984250175,-1.6792874878354376,-0.11050852568063298,1.0
2706,-0.31754081707595,-2.2322362725282137,-0.5201368683660689,1.0
2707,-0.5359847225324195,-1.7861065842346313,-0.18908515021022734,1.0
2708,-0.6294345980382402,-1.9313391328838057,-0.2545859022216064,1.0
2709,-0.5606673586319624,-1.8804372716640854,-0.3125561044313453,1.0
2710,-0.5783984742791264,-1.8507928041543182,-0.17555150035000297,1.0
2711,-0.5777925431947517,-1.8652620595341172,0.021019856747581167,1.0
2712,-0.586979124006534,-1.861335408824805,-0.3210753155658518,1.0
2713,-0.5783886115460065,-1.837648865876521,-0.382807246144429,1.0
2714,0.9419595834244467,-0.31980994650475514,-1.7187095882614627,1.0
2715,1.049767748926703,-0.4407409061630168,-2.082162662504781,1.0
2716,0.9154649924758292,-0.2705106127611765,-1.7356107605311029,1.0
2717,0.9647724217706227,-0.30668174723603653,-1.7314809166294847,1.0
2718,0.8587398433536684,-0.39213671671590494,-1.866704052205825,1.0
2719,0.9263075181405409,-0.26948815453845437,-1.5685385073058287,1.0
2720,0.9627075153639144,-0.3190922188184236,-1.652783752072817,1.0
2721,0.9376743979750267,-0.2586484515882591,-1.5064393105456695,1.0
2722,0.9088352682778904,-0.17650592664237694,-1.408206700965906,1.0
2723,0.9724527154976663,-0.449019043751675,-1.7749903572744685,1.0
2724,5.486231393579801,-0.1545894103466909,0.5146855889103124,1.0
2725,5.486682663587708,-0.2925555982585976,0.35431287613135903,1.0
2726,5.488998707133541,-0.31435573147022,0.4502227418200856,1.0
2727,5.448628946525102,-0.04847996412344033,0.5131476139749693,1.0
2728,5.54126951656325,-0.3557570238072899,0.23450265220173935,1.0
2729,5.463771121209129,-0.269701064351327,0.4175284698731685,1.0
2730,5.718238674302025,-0.6845072515165893,-0.08360551232052056,1.0
2731,5.484688511939629,-0.21475678230149184,0.4902184405118457,1.0
2732,5.528932505751536,-0.31359746537486893,0.1731311523059434,1.0
2733,5.512254665560532,-0.12722662000414867,0.5310549691853874,1.0
2734,6.308066384609532,-0.9188865163772525,0.07463482251982444,1.0
2735,6.1659960357027455,-0.49631155695616586,0.4639814372422842,1.0
2736,6.260245109098829,-0.8572384600329268,0.27298285739611766,1.0
2737,6.045897421046789,-0.4663973552023355,0.6109457807079568,1.0
2738,6.263980140757455,-0.9589470662230877,0.20016823945250375,1.0
2739,6.0585353911133035,-0.5130627594054625,0.6001781100454452,1.0
2740,6.114755654757092,-0.3968209610358371,0.7059075284942954,1.0
2741,6.153163194293194,-0.43729192029436326,0.7488998813018674,1.0
2742,6.028140454310501,-0.45756713775906704,0.5082126940930894,1.0
2743,6.097788856251012,-0.32328424814613693,0.8196218721847238,1.0
2744,5.942872758273263,3.699095383950234,0.7564037352396681,1.0
2745,5.92060527918285,3.7022916538868134,0.6557143413479091,1.0
2746,5.853806454352283,3.6800765770732555,0.4661535070275112,1.0
2747,5.91875617234214,3.6801717019262745,0.7140538696698654,1.0
2748,5.883341161099758,3.6484775570775185,0.4552519077762193,1.0
2749,5.927479473369028,3.6517398928942315,0.6768249599522588,1.0
2750,5.902817539345144,3.613404366848248,0.5473901559523319,1.0
2751,5.925421561383314,3.8385264688680847,0.7789129119670438,1.0
2752,5.960275178303742,3.650150806080323,0.9096271188109155,1.0
2753,5.965475783235942,3.588371159003505,0.5588786005120742,1.0
2754,-3.074031448786151,0.24086180259288284,1.4953164125432465,0.0
2755,-3.14176606995081,0.4798699893767332,0.8746406015317896,0.0
2756,-3.2613851096242814,0.5065750044063905,1.209401544904238,0.0
2757,-3.100285399121737,0.17899699645049097,0.7019252841572456,0.0
2758,-3.0733162077112675,0.35388882751019574,1.1018132722307021,0.0
2759,-2.8720928826832175,0.24718848099950042,0.4238687938686518,0.0
2760,-3.059609572715987,0.535688992233742,0.8036283535016353,0.0
2761,-3.142926804878676,0.6508507798226368,0.9961475915505358,0.0
2762,-2.834582095085537,0.10100165709733247,0.6186793997146216,0.0
2763,-3.099323661646833,0.5227960718684045,1.3395616558246337,0.0
2764,5.395493079686698,0.836254671926464,1.411729292132615,1.0
2765,5.368532212972304,0.9527794781884794,1.6076406177278602,1.0
2766,5.514858362668302,0.7865075694525068,1.2741378872738363,1.0
2767,5.462234865050332,0.9478246399344172,1.456101787415355,1.0
2768,5.414650988259806,0.8379650875192564,1.3393370333349133,1.0
2769,5.388143281505172,0.8850331798898913,1.1899041336886462,1.0
2770,5.376200988752895,0.962524536709565,1.601440611259025,1.0
2771,5.450212455912772,0.8821418333825497,1.4761589779271014,1.0
2772,5.4108667106454975,0.8134848839915158,1.4630476851272949,1.0
2773,5.431548552164135,0.789281550374136,1.2905538498899272,1.0
2774,-2.187965250503465,-0.6514936934666175,-0.7770471485097692,0.0
2775,-2.1031823696509306,-0.2873245783037858,-1.051283288472833,0.0
2776,-2.0892584907191636,-0.3220615173904006,-1.3630096628329178,0.0
2777,-2.0762376549517034,-0.4671282828103156,-1.5002670084178467,0.0
2778,-2.1006499076590024,-0.6759206685150932,-1.1646905908558127,0.0
2779,-2.2063985371251156,-0.7116960948210714,-0.5683048787130186,0.0
2780,-2.17075408104178,-0.6338747710405419,-0.5611550414234506,0.0
2781,-2.152499058581682,-0.7643082870904653,-0.4300377605920594,0.0
2782,-2.1020835789926533,-0.7127089287157391,-0.41547904312253525,0.0
2783,-2.170688642599834,-0.6858242474636954,-0.20693848483664048,0.0
2784,-5.593474114895698,2.001865139079331,2.008341313842136,1.0
2785,-5.447421247704446,1.7749718739733897,1.9017255962568207,1.0
2786,-5.541582498789413,1.9871173769371189,1.8008467322186494,1.0
2787,-5.6128471724177675,2.106132177118141,2.5294501636130726,1.0
2788,-5.535007407465104,1.7571205295782144,2.2221072809160365,1.0
2789,-5.455684880713166,1.650071043493305,1.9837928018775313,1.0
2790,-5.602987579988093,2.123366056519417,2.092097938117036,1.0
2791,-5.589694504690292,1.804787516422215,1.568870723054282,1.0
2792,-5.710504277444655,1.8892793264350995,1.7433027874207485,1.0
2793,-5.547471176005553,1.6890974112904602,1.4440751090059802,1.0
2794,-1.6735062102704168,-1.9986492603649526,0.2756846463070052,0.0
2795,-1.694948590982586,-1.72632533866545,0.6341851863445828,0.0
2796,-1.7249089435747953,-1.9634390003380506,0.4648812169208233,0.0
2797,-1.7148845684705674,-1.8453988177583958,0.5273336807020186,0.0
2798,-1.7042326431094172,-1.9463952350385345,0.4738810935750362,0.0
2799,-1.7444733308617755,-1.8277739333489722,0.6434939989522516,0.0
2800,-1.7460453846521744,-1.8592194357894052,0.5130164168577617,0.0
2801,-1.7779841040533737,-1.8499073865620097,0.46940555129057,0.0
2802,-1.7528034337972123,-1.7339300908062227,0.6263192338217819,0.0
2803,-1.7174984173002907,-1.880961306200329,0.42743132186782373,0.0
2804,-0.22760495319890053,-2.5338503658793083,-1.0217326371442923,0.0
2805,-0.004595819560620943,-2.8655180997552865,-0.2996810497950625,0.0
2806,-0.09142205673028156,-2.7729895456686275,-0.40156207707618863,0.0
2807,-0.2650949175547253,-2.6764086807847254,-0.3634845215699507,0.0
2808,-0.041297663321337455,-2.983997041282339,-0.06321271202102487,0.0
2809,0.2787254404801898,-3.3347433635410644,-0.818241292274471,0.0
2810,-0.011645309601644905,-3.053721538257147,-0.46758420674567336,0.0
2811,0.024738847797765702,-3.0532747849074346,0.0028055189741029345,0.0
2812,0.015637603002093804,-3.06606532099584,-0.15776025493125018,0.0
2813,0.015569875256103911,-3.0142988553929704,0.1418630630214012,0.0
2814,2.0284841554330377,0.0762901073474817,-0.9591941179772903,0.0
2815,2.03385333881119,0.10375052363545954,-0.7787360337664939,0.0
2816,2.302078801820191,-0.5047700023466518,-1.498877377711955,0.0
2817,1.9467031213425319,0.031394577301281874,-0.7684142216562477,0.0
2818,1.9880694805958208,-0.1350532657947564,-1.1062363065403518,0.0
2819,2.0116257687249144,0.16533540352694015,-0.6575639369486345,0.0
2820,2.0860221777497494,0.19978991303443472,-0.9841185557060066,0.0
2821,2.1084486877106543,0.1604541188309238,-1.0506292739285608,0.0
2822,2.0394462091533234,0.1900645290674774,-0.9551696749731182,0.0
2823,2.089739256952419,-0.10832171795210163,-1.2209562234832987,0.0
2824,-1.472852078839665,-0.25557526750735793,0.05409353645781819,1.0
2825,-1.6135605883151063,-0.3220923900724732,-0.1667850321508935,1.0
2826,-1.5699552242920483,-0.33069308462535235,0.13805262436338606,1.0
2827,-1.5444562357544305,-0.09166386653768441,-0.25266078283268817,1.0
2828,-1.5818053725149803,-0.35089234339100495,0.7525686249098829,1.0
2829,-1.5534938631839033,-0.6097388964679917,0.2126753321535728,1.0
2830,-1.2062742056142344,-0.9522740698645438,-0.3233516534707992,1.0
2831,-1.5958807838318263,-0.4745535644908489,0.3869924806135277,1.0
2832,-1.6000677435104749,-0.5348604721228652,0.2399822709292816,1.0
2833,-1.5486384134480753,-0.2526199578957378,0.10923006568957652,1.0
2834,-0.006101720689016932,-2.1934586669543736,0.183123106454954,0.0
2835,0.05066958698372913,-2.301906065078788,0.19588964090229832,0.0
2836,0.02710773629310978,-2.441665041949326,0.17327916787085468,0.0
2837,-0.02940797406072433,-2.3953808748505554,-0.002517944042822465,0.0
2838,0.2670243809199518,-2.732303418870144,-0.33749238165265266,0.0
2839,-0.002367966840060539,-2.170291044523041,0.25772100088403765,0.0
2840,-0.016978745382390154,-2.316279404905336,0.26066209675276053,0.0
2841,0.01563036764484152,-2.265713865136557,0.25304049587743926,0.0
2842,0.21606011478941547,-2.818933915380827,-0.29397676076879337,0.0
2843,-0.11671225908256513,-2.3303118890757606,0.027733904420485934,0.0
2844,-4.717008789825394,0.13201381847192736,1.3006097797788008,0.0
2845,-4.679661631140179,0.04688016242508857,1.8907766004015965,0.0
2846,-4.658042116746692,0.05264796440678766,1.8488803228666864,0.0
2847,-4.4413687064403,-0.08141985277438017,1.8857179450014698,0.0
2848,-4.553021685904121,-0.06664587373973195,1.5128782594305292,0.0
2849,-4.705240149170533,0.3983696519060751,2.0270263628101115,0.0
2850,-4.679794958235479,0.2975968093025507,2.0193730395763927,0.0
2851,-4.6186598653330755,0.09260107952775236,1.7135547278769665,0.0
2852,-4.685487275901606,0.13053283503820445,1.8746931340841873,0.0
2853,-4.614949458293439,0.21738950080264696,1.9964323713816354,0.0
2854,-1.5167574247192062,-0.7792139887770854,-0.060125614330724116,0.0
2855,-1.9406283532680149,-0.34440266007464726,-0.9502213254843536,0.0
2856,-1.9164179270349153,-0.3988453612412875,-0.4394467389705852,0.0
2857,-1.6762352782676475,-0.5779347981243184,-0.30792580960627464,0.0
2858,-1.9748948501757126,-0.3760073937764259,-0.2153381591293687,0.0
2859,-1.5266998591885423,-0.7752979484540802,-0.6221900639254407,0.0
2860,-1.689763792768866,-0.4350800074122119,-0.6164756650589504,0.0
2861,-1.4733185326881961,-0.6803981066641458,-1.366283154396896,0.0
2862,-1.641016444482707,-0.6354481899938326,-0.6100507645863278,0.0
2863,-1.292972764406237,-0.9175684771753203,-0.8296698696981503,0.0
2864,-6.832988522132994,4.115139818190161,3.870501570805486,0.0
2865,-6.958443874988908,4.1709175394206595,3.7931039865233407,0.0
2866,-6.622457408203665,4.0658048456992235,3.2076328553803206,0.0
2867,-6.881205845282742,4.0529386728971035,3.697457010038987,0.0
2868,-6.818432016793301,4.5719896760315715,3.581445229381766,0.0
2869,-6.793672953766905,4.3602569289383,3.6327524940258598,0.0
2870,-6.7353837079548695,3.922226126895083,3.619123562736238,0.0
2871,-6.903579055803154,4.167047377351547,3.5289521354206395,0.0
2872,-7.034855966273346,4.092375065648338,3.6678906356043917,0.0
2873,-6.5804155474291814,4.154522514829496,3.0829273119611145,0.0
2874,-6.794490788501127,1.97088668474684,3.1870363461528752,1.0
2875,-7.102791842558325,2.2912600807864236,3.63003878921656,1.0
2876,-7.354669647676719,2.403477077990308,4.041387288926828,1.0
2877,-7.5571549955523825,2.6437933834668286,3.9756545407860204,1.0
2878,-7.333310847303971,2.3572471932583365,3.4465717930260906,1.0
2879,-7.44310140158572,2.7094113724254436,3.975302573137027,1.0
2880,-7.516020758299394,2.5456293900750024,3.8240885335574104,1.0
2881,-7.510872541186558,2.6345297047013245,3.9854790399388396,1.0
2882,-7.047479810361213,1.9682108536699268,3.2031393919352946,1.0
2883,-7.629922676597351,2.4275617977226096,4.067925009316184,1.0
2884,6.591069629440255,1.3690810689540522,1.5541231049453028,1.0
2885,6.546559327203523,1.3540457612392498,1.433596248861538,1.0
2886,6.597519242345507,1.25079609302835,1.3355242277647403,1.0
2887,6.574100212619061,1.4660415188149094,1.6005146274387512,1.0
2888,6.595334745794797,1.3471716902739073,1.4003864167140887,1.0
2889,6.567403974233434,1.4155726367260986,1.4910540828450611,1.0
2890,6.555528203259344,1.2530118171609237,1.3395121784743749,1.0
2891,6.641950149272618,1.3978080696140098,1.3067056963379167,1.0
2892,6.547481977973641,1.4055571346324145,1.499048771122555,1.0
2893,6.563795525994023,1.3827338521633452,1.4967069657310577,1.0
2894,6.836297500921835,1.6351376591117408,0.14561799663818112,1.0
2895,6.683703640041855,2.089571252786975,0.6769296534036818,1.0
2896,6.683561010667054,2.0842383694387636,0.6767889174735271,1.0
2897,6.690131148375854,2.002708189875182,0.5614507342391842,1.0
2898,6.6225391603657995,2.140323898886848,0.6212334662390688,1.0
2899,6.6956905262275415,1.9445345447072966,0.4646793585651198,1.0
2900,6.64987686450049,2.17477821792667,0.6385958254226841,1.0
2901,6.613420751671411,2.166936940508684,0.6106065415349189,1.0
2902,6.686723253284266,2.0963598370912035,0.5271982534564712,1.0
2903,6.654821352817353,2.085299020434269,0.6454282135490499,1.0
2904,3.4235086163406616,2.639949824793707,-2.376790885787338,1.0
2905,3.384112583616273,2.9841772958240234,-2.6541911392007167,1.0
2906,3.339321711283738,2.7449487271157396,-2.4398088871680814,1.0
2907,3.218241351074889,2.8055641131823035,-3.109665896394908,1.0
2908,3.331885697621222,3.1948072884473797,-2.6235525650248537,1.0
2909,3.4087381590276147,2.866515283150529,-2.5516363262793584,1.0
2910,3.415733062598,3.010000997855482,-2.2560854628967397,1.0
2911,3.3910347515508006,2.860213970579985,-2.3640199463368976,1.0
2912,3.2625908893187408,2.815021646026164,-3.203647224567524,1.0
2913,3.4554281524087074,2.9264305112257873,-2.3412996380944024,1.0
2914,-2.9197843792117792,-0.38723674799856167,0.3806180274013261,1.0
2915,-2.9166705344327264,-0.3451709432916388,0.35440579195527455,1.0
2916,-2.675889548920597,-0.8648320985546452,0.08338878206382051,1.0
2917,-2.9840887005757786,-0.2332013000076147,0.6591873932932467,1.0
2918,-2.9844674278558028,-0.24639647494551056,0.7079968851937263,1.0
2919,-3.0025502838195828,-0.2050829425792663,0.6542369060086504,1.0
2920,-2.9774348237504706,-0.06109371488811121,0.4513025767317463,1.0
2921,-2.9346598504678947,-0.35763416000315307,0.24026877877117195,1.0
2922,-2.9969840323034935,-0.3365829449874159,0.29606277911463985,1.0
2923,-2.983819625616649,-0.1293819908879282,0.6003560561114574,1.0
2924,7.097169364904251,1.6080230917972795,1.288392302211184,1.0
2925,7.033977104264795,1.642052220640299,1.348566797372268,1.0
2926,7.13155071404011,1.5126669007860396,1.163615381929038,1.0
2927,7.083699763622599,1.6152139349523689,1.2494536528131546,1.0
2928,7.118306708222603,1.5580467621044813,1.255463398125843,1.0
2929,7.10060623416441,1.5371165161265925,1.2377221664056461,1.0
2930,7.080557019222928,1.6976037394682564,1.3105727019897646,1.0
2931,7.0980062149822665,1.6108132809659306,1.1875497742203271,1.0
2932,7.145865412989881,1.6964944301125295,1.2863207579935054,1.0
2933,7.3233288016895735,1.2462285198628267,0.8172646205583565,1.0
2934,4.364985805184131,0.7021243665788508,0.8762578402237667,1.0
2935,4.459068793087879,0.7195345026110351,1.2073797485435347,1.0
2936,4.485508506666823,0.8157486972075834,0.9381981301670409,1.0
2937,4.473022985083603,0.8110593893218373,0.5691987345214965,1.0
2938,4.5231058376218325,0.6781719631535181,0.95492600458683,1.0
2939,4.481460720891579,0.643555700568817,0.9117979984712177,1.0
2940,4.519314397318174,0.7771585085438677,0.8465218012988713,1.0
2941,4.427998967662048,0.6182474947108605,0.7962833314818787,1.0
2942,4.477280513479722,0.6218090174117148,0.9362714611145048,1.0
2943,4.502549334779636,0.8219286173373992,0.9242228354539882,1.0
2944,0.4495017155727278,0.050243842280416874,-0.7598598275010318,0.0
2945,0.4128543445287039,-0.08198106830811347,-0.951544084886884,0.0
2946,0.8818483036110861,-0.5825542492873356,-1.363034397358262,0.0
2947,0.5664320896658251,-0.37386688552611763,-0.41520637362865526,0.0
2948,0.6043787065526334,-0.5279902885205808,-0.6556069221364604,0.0
2949,0.538410675939561,-0.20448247281747636,-1.0402952011873348,0.0
2950,0.7023112356102196,-0.1943834112961744,-1.0516198199530593,0.0
2951,0.8183301531977648,-0.5428973760542853,-1.3358841152908787,0.0
2952,0.8829045534675636,-0.4361548860083108,-1.6392522233519395,0.0
2953,0.6341372988605924,-0.044401130955909814,-1.0310571102506758,0.0
2954,-4.27662087701612,1.455058850842969,-1.5511415256780972,1.0
2955,-4.5864816417820675,1.5115051356882132,-2.1741794073596803,1.0
2956,-4.4684656774722065,1.3156437279111872,-2.6390535507525876,1.0
2957,-4.527597605391942,1.49137442786651,-1.8135323763312827,1.0
2958,-4.564456349675374,1.7114024669970784,-1.9354804257145324,1.0
2959,-4.685447062821767,1.9720454750490615,-2.0371040845059776,1.0
2960,-4.587316221289458,1.5480220381005874,-2.4819958804912297,1.0
2961,-4.48013114420911,1.521334603221937,-2.3591824021004064,1.0
2962,-4.422069079029241,1.6495474504868612,-2.3400237078912607,1.0
2963,-4.568192067107383,1.6209703491856708,-2.510073387841823,1.0
2964,0.07155473619697039,-1.269244287321199,-0.21571557422611073,0.0
2965,0.18942453565306255,-1.7411707352779753,-0.5934402367489227,0.0
2966,0.10265584616652405,-1.1696372190377058,-0.06768163650685868,0.0
2967,0.13042787530291405,-1.2446286364605594,-0.35359297190974803,0.0
2968,0.20661807908882426,-1.4757685304458799,-0.4860349128953489,0.0
2969,0.185093811725977,-1.514054802438945,-0.22077226516526063,0.0
2970,0.05778783967414507,-1.3705857621378208,-0.11577196037913025,0.0
2971,0.21447498884736615,-1.47642444632424,-0.12630958455370303,0.0
2972,0.15700871496345065,-1.4249822168430701,-0.22631098707001504,0.0
2973,0.11769048275647782,-1.31256786240012,-0.3279454810128914,0.0
2974,-0.11548668056377956,0.35907660365480154,-0.462838754719704,1.0
2975,-0.10951349468589845,0.3976717107198519,-0.3295950999057989,1.0
2976,-0.16740562916820223,0.4222240558971378,-0.33860341237808045,1.0
2977,-0.13672881128834885,0.46283139415454755,-0.34425073215270136,1.0
2978,-0.11746239543745136,0.6135479122051177,-0.1565092691058408,1.0
2979,-0.1119367248567471,0.4307575194208329,-0.3683850795348883,1.0
2980,0.06620140654020679,0.033709984807148645,-0.6752631051132222,1.0
2981,-0.11217043125029542,0.42503048822720724,-0.31109623797857955,1.0
2982,-0.16684547235134053,0.46378909443689953,-0.16227777592660622,1.0
2983,-0.1661956050420655,0.4837419471018915,-0.30916339630589246,1.0
2984,0.327950006980597,-0.8057744340652188,0.3804147035638763,0.0
2985,0.37568596104548146,-1.075611722880903,0.11939086079156036,0.0
2986,0.3564851925322541,-1.0201732238270071,0.2997861858488369,0.0
2987,0.3710654751377657,-0.8289182638196284,0.3482438431955439,0.0
2988,0.39952817136151986,-0.9064947633033202,0.25737156068579053,0.0
2989,0.3849075184630331,-1.0451023292647312,0.15493747830064733,0.0
2990,0.395375209820998,-1.0415946494584833,0.34780045793018816,0.0
2991,0.3176774388711353,-0.949046639923137,0.24039528247959896,0.0
2992,0.29093959557744076,-0.989753035228713,0.04753928543611007,0.0
2993,0.369620260227908,-0.9691889690422845,0.25522982592947346,0.0
2994,0.34313087111598983,-0.9194144219858991,0.4853971517983855,0.0
2995,-1.8902753340356875,-3.6679156833255346,-0.601212289906846,0.0
2996,-1.9322324943011266,-3.6460142644118583,-0.4738528856377812,0.0
2997,-1.5411615870513673,-4.26261881448723,-1.1683863657441114,0.0
2998,-1.8471494601079501,-3.9619514236576054,-0.5686481420904786,0.0
2999,-1.8637452143875957,-3.870442342684081,-0.7889129436778095,0.0
3000,-1.9048519502686392,-3.646566612249101,-0.45829434767207883,0.0
3001,-1.8144882397693225,-3.8740008370768,-0.7123677175552345,0.0
3002,-1.8983465869590574,-3.8386883847023077,-0.5656961614115537,0.0
3003,-1.8739606740201264,-3.6399446833424007,-0.4384641863634602,0.0
3004,-1.8647846660955136,-3.652715974977072,-0.45324518717631473,0.0
3005,6.879661940208584,1.9350700746025447,0.43815419731902727,1.0
3006,6.713944497146186,2.2160897743956816,0.6370332949312711,1.0
3007,6.720211055761679,2.3436799500906242,0.8964722611610355,1.0
3008,6.696586949141917,2.2537709981284113,0.7950792588470883,1.0
3009,6.735765841395105,2.207330726932345,0.7332295067262957,1.0
3010,6.748167802917398,2.211711853034508,0.7112085644843639,1.0
3011,6.733532120653466,2.21104262700435,0.712305912162245,1.0
3012,6.7170771708686114,2.210793103769168,0.5750193458147006,1.0
3013,6.632926355233708,2.347147712640678,0.8617215193685257,1.0
3014,6.80581193692471,2.2034163935111284,0.5742403856236711,1.0
3015,0.8777367407838744,-0.8257741343661869,-1.1084738321279834,0.0
3016,0.902356859219164,-0.8764323261683716,-0.5270619773349225,0.0
3017,0.790339362165305,-0.9580942200618733,-0.42750336315433307,0.0
3018,0.7625775362109477,-1.021360831079968,-0.0789909052946885,0.0
3019,1.0788287022180831,-1.569777486349176,-0.5431541678591365,0.0
3020,0.8397227713089307,-1.083650919797806,-0.2256944271652344,0.0
3021,0.6664312390277836,-1.041655408810528,-0.42559924551066736,0.0
3022,0.726155233913122,-0.9143747244046936,-0.47231323191012214,0.0
3023,0.6963399004280856,-1.0120818321002376,-0.45579203547342495,0.0
3024,0.7610151011875835,-0.9791196659092675,-0.6235813786426597,0.0
3025,0.6717167807971195,-0.9614956901397164,-0.692247661726966,0.0
3026,0.6615733043753345,-0.9645925419558227,-0.907096512017486,0.0
3027,0.65632194735799,-0.9436602908740881,-0.5622732751763374,0.0
3028,0.6789163273223149,-1.018010019037807,-0.9162230033624772,0.0
3029,0.5870436361460913,-0.8476956576907763,-0.5363575072531197,0.0
3030,0.7050943087460595,-0.9704291389008093,-0.9795823934626183,0.0
3031,0.6542900551512953,-0.7767308606772282,-0.5673055515524528,0.0
3032,0.6978263144256118,-0.9616323838262752,-0.7416059585075564,0.0
3033,0.616322265197159,-0.894490522329835,-0.710579260376995,0.0
3034,0.5744933381484402,-0.833311302495751,-0.5524110109591042,0.0
3035,0.04773366388383819,-1.8370558846866076,-0.3053123067577517,0.0
3036,0.04082780167056726,-1.8152014808817254,-0.36979682324357965,0.0
3037,0.03831919837884267,-1.8487206013632944,-0.26887513155997084,0.0
3038,0.03931836324401644,-1.7810857537282299,-0.17691958090752205,0.0
3039,0.04173701851689201,-1.840353176779656,-0.31752391242477906,0.0
3040,0.03530143268774027,-1.8184332532829788,-0.32753125943605477,0.0
3041,0.046002637610815716,-1.7658676108836815,-0.2945672671879994,0.0
3042,-0.021078464253889925,-1.8750901717217476,-0.4629097321184029,0.0
3043,0.031215065639837933,-1.7979313723504695,-0.32073807134165444,0.0
3044,0.03766776170368137,-1.755857719286092,-0.17852549522515795,0.0
3045,-3.986925831219852,-0.9233584396555673,1.06599100322625,0.0
3046,-4.027501158957809,-0.871068938209441,0.9658675682831561,0.0
3047,-3.9680922657873734,-1.0005356304228525,0.736098593718793,0.0
3048,-4.174106278510449,-0.8007173294951034,0.7010919719308544,0.0
3049,-3.955549400457846,-0.7102434296239092,0.7322724856124787,0.0
3050,-3.9860177751537607,-0.9889916538653893,0.8034967230147039,0.0
3051,-4.095834344271479,-0.702308185596872,1.3857763856180205,0.0
3052,-4.212203767123292,-0.6906526970528872,1.633362982376605,0.0
3053,-3.9958436860370066,-1.1629434167960044,1.3528922775247803,0.0
3054,-4.190811962337813,-0.9265421266633364,1.2333698504810529,0.0
3055,1.5399399691583462,-0.9725557505526898,-1.165546302919356,0.0
3056,1.5127879475992194,-1.0197880972220181,-1.5642843953580239,0.0
3057,1.5668721704044248,-0.9684124843403001,-1.3450873734124082,0.0
3058,1.549500712161624,-0.9164996795721916,-1.1272758795445186,0.0
3059,1.5569478903946072,-0.8734577026817177,-1.1498371743738276,0.0
3060,1.5483546579004905,-1.0075307503827131,-1.3118632102098011,0.0
3061,1.4970541689254349,-1.0034144002845178,-1.422759638082849,0.0
3062,1.608791127670321,-0.994418281389264,-1.352206992204907,0.0
3063,1.567406242794838,-0.9735686018089168,-1.3088505106210204,0.0
3064,9.488442596773725,2.38014263538654,1.5096257013863652,1.0
3065,9.411297766062246,2.421776021195964,1.7147384172321456,1.0
3066,9.542132195408469,2.5053872268618833,1.754565115631473,1.0
3067,9.508652480750635,2.46040994816995,1.752694916471452,1.0
3068,9.384627481261736,2.510923025387133,1.669805971352809,1.0
3069,9.417662092437972,2.4282713414688297,1.5589106967552377,1.0
3070,9.613379250972066,2.5306124726111174,1.8528947493485657,1.0
3071,9.429315739270125,2.4847754724042614,1.6105777866339681,1.0
3072,9.554378694824232,2.3570098938708717,1.5544018447831747,1.0
3073,9.624675095228973,2.468278831024279,1.621652092333592,1.0
3074,-0.6121734931319436,-2.9542789354323205,-1.4611276039756254,0.0
3075,-0.8542472243616477,-2.5549287037383435,-0.8692787383672961,0.0
3076,-0.9242134233079311,-2.3350128377586197,-0.8254489225292445,0.0
3077,-2.010812583981034,-3.2555794355406467,2.771331196472208,0.0
3078,-0.977225772977197,-2.5685003123044767,-1.1877308225207026,0.0
3079,-0.9725852908031523,-2.5509166635271687,-1.0444209624158205,0.0
3080,-1.0273615981774902,-2.4937353177171095,-1.1902058017528199,0.0
3081,-0.9895918536012841,-2.327609325225902,-0.911985155755947,0.0
3082,-0.9435400903365747,-2.501744260104214,-0.798322485606371,0.0
3083,-0.9370270581481911,-2.5541748404133418,-1.0652067814562272,0.0
3084,-2.0317042719214395,-1.6689501058045488,-0.20003166001436454,0.0
3085,-2.0354197056947716,-1.843864203591606,0.19285099643422668,0.0
3086,-2.060750855734658,-1.6603318317400055,0.3547674460568532,0.0
3087,-1.9427601070119693,-1.9059605948490652,-0.06393117912143759,0.0
3088,-1.7348913932172263,-2.2584466148150564,-0.26355250323554497,0.0
3089,-2.0035710747895936,-1.6275145481288393,0.21449818666069084,0.0
3090,-1.8428407171274725,-1.8411827155958984,-0.10492453440756655,0.0
3091,-1.969149708678412,-1.7920032104957042,-0.060476959083608575,0.0
3092,-2.0235075540773346,-1.752335432090718,-0.219686181908372,0.0
3093,-2.0477973963836154,-1.6954114281348875,0.14545362327918168,0.0
3094,-0.8372427552933994,-1.4183330253209285,-0.0120964024432031,0.0
3095,-1.0193548062406357,-0.4655601427533748,-1.2238570093237895,0.0
3096,-0.8139435476148008,-0.9841323059888178,0.21982715035200182,0.0
3097,-0.9122853051209294,-0.7411708642746528,-0.19292746149945927,0.0
3098,-0.9153227181059421,-0.9545865596469275,-0.3780048355025338,0.0
3099,-0.7248768921871706,-1.067225956956669,-0.7014034253095918,0.0
3100,-0.5591833140694759,-1.3146429274036033,-0.9236707828311282,0.0
3101,-0.9378762963485581,-0.7102661400688647,-0.32238233489848744,0.0
3102,-0.8131260828651722,-0.8938584292905356,-0.16471303663201947,0.0
3103,-1.0573052943311034,-0.788880975959543,0.49812400781268495,0.0
3104,-0.4974737601285632,-1.1589813613978586,0.05391393180975656,0.0
3105,-0.8178868862294382,-0.28786556415241404,0.5611489740684761,0.0
3106,-0.7544994032740986,-0.40631339080633644,0.7907716952081288,0.0
3107,-0.6780018533349236,-0.5753571687618184,0.5125252165406179,0.0
3108,-0.7074224530708584,-0.5928519458169719,0.560409727235885,0.0
3109,-0.6607457578508926,-0.6206673204851295,0.5440412794047694,0.0
3110,-0.6296167018358632,-0.6891625285003965,0.4026451757733683,0.0
3111,-0.6997212063016527,-0.4295436647321519,0.7002729993999156,0.0
3112,-0.6570895333790088,-0.7061785527575023,0.5470749037452513,0.0
3113,-0.5418796131544182,-0.5004787350721847,0.5822033531602954,0.0
3114,1.3161612548861887,-0.816507674422911,-0.18787122157981137,0.0
3115,1.3110343792653163,-0.8335949915795182,-0.1584506221960352,0.0
3116,1.3710877868591733,-0.8932482629227539,-0.32285512946227624,0.0
3117,1.4351298393380394,-0.8092408512590871,-0.18154003151427595,0.0
3118,1.4329935621467391,-0.8203830100517173,-0.20095000163401167,0.0
3119,1.439282962319481,-0.9818437058438957,-0.27224401542777166,0.0
3120,1.4054670437509884,-1.006374481159361,-0.4170613497151279,0.0
3121,1.435578424581534,-0.8163327408275487,-0.09162347665122436,0.0
3122,1.4068429283022346,-0.9257819907299261,-0.24446034009819448,0.0
3123,1.3799718550325688,-0.8660032222448769,-0.3062397810206555,0.0
3124,-2.987986051548219,-2.3392860367174313,-0.23826755144562123,0.0
3125,-3.313284461229032,-1.9486275561249422,0.027384799242737668,0.0
3126,-3.226213461688263,-1.8584557396037635,0.18183940045858843,0.0
3127,-3.3839769547248606,-1.8440523204272314,0.22021569258868284,0.0
3128,-3.2731284473714086,-2.101253891623554,-0.049945867479813555,0.0
3129,-3.249646699033403,-1.8547991430194826,0.4106406668803544,0.0
3130,-2.9953357637464144,-2.455457154834831,-0.24939491670190414,0.0
3131,-2.976699935071697,-2.419074432600969,-0.25732148498628316,0.0
3132,-3.231459060927812,-1.909399509437914,0.33118434921820816,0.0
3133,-2.942283589818739,-2.450263140419423,-0.2615336191975535,0.0
3134,1.9257187609385862,-0.5872592877587912,0.18285644851861982,1.0
3135,1.9310383485433968,-0.3919450617132975,0.365519127819007,1.0
3136,2.145018550881101,-0.9982289929673301,-0.23567836514812243,1.0
3137,1.9552535709477616,-0.5925542729592641,0.24169659324555934,1.0
3138,1.935726316192254,-0.5569497766670446,0.1099247578226848,1.0
3139,1.9161331455632917,-0.5680525312133027,0.19246772987406968,1.0
3140,1.8971389997288601,-0.547208782998197,0.15609137947274604,1.0
3141,1.9550063686445105,-0.5896038286211414,0.23481640769776493,1.0
3142,1.9435574385832384,-0.5710496371660821,0.3154884363298892,1.0
3143,1.9535695346402586,-0.48394286231528516,0.22402631645807625,1.0
3144,-2.442883866986716,1.1124794040186414,1.1349221806354715,0.0
3145,-2.5300967333189206,1.110891565553122,1.3348517958567232,0.0
3146,-2.326621677478358,0.8548501066229941,0.9160268205000051,0.0
3147,-2.3811167729587064,0.7684380828056782,0.816360326116554,0.0
3148,-2.427177169296219,0.9325412639665819,0.9385262898800965,0.0
3149,-2.522464529457133,0.9313151844828158,0.9281233679600702,0.0
3150,-2.584936101115086,0.8050282266186531,1.2457542720254895,0.0
3151,-2.6200808617047997,0.9215803889916122,1.2769756259859655,0.0
3152,-2.5462280286963566,1.0076721239603572,1.3852611140610644,0.0
3153,-2.460992729983877,0.6762782813573833,1.3595515851492694,0.0
3154,2.2402507009660777,-0.13119276558964726,1.4319521549852234,0.0
3155,2.238465440798659,-0.3277816769233582,1.3849187461727208,0.0
3156,2.3585124817237584,-0.30843762405014924,1.3504071982349533,0.0
3157,2.237442625895418,-0.33767745119655906,1.2460620867172318,0.0
3158,2.326631196284479,-0.33234682578777874,1.0866547279472716,0.0
3159,2.2570153665523063,-0.2976849838655619,1.290096480687062,0.0
3160,2.198774971388637,-0.33198086423973916,1.0880404072756562,0.0
3161,2.306095318956727,-0.1334507954725652,1.2912878647972046,0.0
3162,2.6267222973455584,-0.7646184105770224,0.67677110931594,0.0
3163,2.3334552704643876,-0.2575258549236117,1.195958601353287,0.0
3164,-2.9145898377303276,-1.0020739231214624,-0.030389182428012026,0.0
3165,-2.9041875426728776,-1.0608727039552999,-0.17892664321531687,0.0
3166,-2.962046661214403,-1.072283749065571,0.1835721142989893,0.0
3167,-2.990682983223103,-1.0414209562371932,-0.03310115735428595,0.0
3168,-2.92219446381159,-1.0709141998246898,-0.1086294225636842,0.0
3169,-2.952999381603653,-1.0120840894082828,0.26595125004851666,0.0
3170,-2.897156917224588,-1.0168414331267117,0.12098285866668862,0.0
3171,-2.9585095291410592,-0.9809161300564668,0.27545884942653676,0.0
3172,-2.9285379017800333,-0.9140351619883449,0.11035767041382236,0.0
3173,0.8377800249568431,-1.8487696112761451,0.3321789989716365,0.0
3174,0.9781758577618961,-2.1367924029995486,-0.07920203374747174,0.0
3175,0.9302094701235629,-1.7634586780581234,0.31742125083504347,0.0
3176,0.9402760907455138,-1.9690253790917918,0.008629826058738337,0.0
3177,1.092176616858381,-2.064783552564638,0.10933292422816798,0.0
3178,0.9673717731795723,-1.9416481381933108,0.08652036866163997,0.0
3179,0.8416292754072149,-1.9369599094620005,0.025007749939372104,0.0
3180,0.9242436315603966,-1.9772938603685037,0.2831817874154353,0.0
3181,0.9727320523056453,-1.867099074346043,0.1315768514260807,0.0
3182,0.8917659246056275,-2.0238957567843086,0.11263486477695751,0.0
3183,0.8589233813643034,-1.4465086528696496,-0.45034856718591376,0.0
3184,0.716216511300773,-1.288481288465091,-0.6851829340021317,0.0
3185,0.7496066299255096,-1.2547586238244648,-0.20718249440470166,0.0
3186,0.6164378267163643,-1.1542692072034293,-0.7030851746801138,0.0
3187,0.8012564447345606,-1.5096404601209654,-0.3857531377515161,0.0
3188,1.0267228486131077,-1.6625368577080653,-1.0267521422229484,0.0
3189,0.5910405403163704,-1.3188983878237457,-0.23390265059685056,0.0
3190,0.7139574630401311,-1.4115583519711774,-0.39590132876124223,0.0
3191,0.6400553104187202,-1.293728002133992,-0.5423451547275806,0.0
3192,0.718473637646971,-1.4337568619016123,-0.3611358615982079,0.0
3193,1.8049683908952914,-0.5507039085257588,-1.164961879525277,0.0
3194,1.5719975669872284,-0.07500106064809946,-0.5216879382215448,0.0
3195,1.6318675616870966,0.024184414429179985,-0.5363116968798911,0.0
3196,1.5879994696716337,-0.10764281389791899,-0.7071159025453048,0.0
3197,1.6486102214065572,-0.12829469358797402,-0.6621747086840837,0.0
3198,1.8891297206256867,-0.5482529977392953,-1.1329205777511777,0.0
3199,1.6069094796784804,-0.1722461589329718,-0.7874667614131133,0.0
3200,1.539387968817137,-0.0871801458066135,-0.6481570908693874,0.0
3201,1.5960728118925709,0.052550415765677747,-0.6574481054729097,0.0
3202,1.6337793867694692,0.02303151533095764,-0.6481078626716066,0.0
3203,-3.279312068699931,-0.14081543010060762,1.5337409630459744,0.0
3204,-3.2991041752605503,-0.18342014227111147,1.4767590209633568,0.0
3205,-3.2712472052469543,-0.0852310811405751,1.5946498411901218,0.0
3206,-3.028136970987012,-0.5603709763891905,0.9561704341736547,0.0
3207,-3.311083308679714,-0.0709813355408581,1.383191268554417,0.0
3208,-3.3575748700782193,0.16724513313277842,1.635274798908358,0.0
3209,-3.3192346629804192,-0.06000301485316553,1.264306658216337,0.0
3210,-3.2948027521799133,0.12307353700569744,1.5998640584361052,0.0
3211,-3.208055632389782,-0.13675020533172008,1.2657311265302629,0.0
3212,-3.149843490581226,-0.19663121137208328,1.210789182944837,0.0
3213,-2.00604797885452,-0.7871389287235083,0.5227348910229395,0.0
3214,-1.903474744063182,-0.7124685881069298,0.2482056088538411,0.0
3215,-1.6695387454824122,-1.4398639264373414,-0.3494195378107985,0.0
3216,-2.0932919518092232,-0.8328855982193811,-0.019238601930858343,0.0
3217,-1.998606104520928,-0.9294976418925947,0.049233739120623905,0.0
3218,-1.9597840535535853,-0.8125618851208861,-0.027730455488910757,0.0
3219,-1.9788651657071619,-0.8576059655028807,-0.09156196464312036,0.0
3220,-1.8486452614146547,-0.755455239934627,-0.15236937541685813,0.0
3221,-1.8697690793132065,-0.8828705908005267,-0.24454707510322946,0.0
3222,-1.8727507009164632,-0.8552784557813362,-0.2284989215625204,0.0
3223,-2.2011492519933085,-1.552930832945185,-0.2934997361739782,0.0
3224,-2.23423080800109,-1.550122663548532,-0.32597448185884875,0.0
3225,-2.1926600144391393,-1.3513101350340655,-0.17489787398333292,0.0
3226,-2.070682652972616,-1.5232960244213356,-0.5267358109863663,0.0
3227,-2.097973324369632,-1.488787191118444,-0.5925021071849405,0.0
3228,-2.2210844866042456,-1.4539183942788443,-0.33544903624307976,0.0
3229,-2.137935785967481,-1.397490919821071,-0.4399072539233212,0.0
3230,-2.216713411163634,-1.4130940964572636,-0.45982826146048156,0.0
3231,-2.2177624538214524,-1.0676553864644065,-0.4671374903237916,0.0
3232,-2.317616613223985,-1.2255386540533912,-0.29556031392431353,0.0
3233,-4.214310247442525,0.762856137497811,1.2148461308144023,1.0
3234,-4.165211868883408,0.6567801181089697,0.9487140761172281,1.0
3235,-3.8995638704365976,0.1420060508106721,0.49261391132543764,1.0
3236,-4.13758623601351,0.5545943312666782,0.7661721067587839,1.0
3237,-4.094486075168584,0.6414576271523463,0.8020814262753027,1.0
3238,-4.093359833424601,0.5041962079509281,0.7217204448471954,1.0
3239,-4.120964909262968,0.5403792026002391,0.5989788075880792,1.0
3240,-4.153872535483202,0.5116422711174433,0.7225556374936976,1.0
3241,-4.075096541368714,0.5666579096232336,0.6974812716742058,1.0
3242,-4.07941724578485,0.3348953370029289,0.6512852247338036,1.0
3243,-2.726919957183431,0.8191378640733258,0.38575116435218665,1.0
3244,-3.223521048877509,1.204938143838066,1.1983001564578648,1.0
3245,-3.4256454873211184,2.339851141075634,-0.13846478827936817,1.0
3246,-2.7387429404998302,1.1182712971042352,-0.6030369054435947,1.0
3247,-2.9958986028918484,1.458662790721645,-1.0181503490246757,1.0
3248,-2.797747233487138,1.5711438268871394,-1.2227164913353696,1.0
3249,-2.937088399796328,1.2136480751685346,-0.3338947640515936,1.0
3250,-2.9009494362315014,1.2457505622359906,0.09102132991851872,1.0
3251,-3.0512785905068878,1.4366089127292798,0.3187367580748947,1.0
3252,-3.3836664485008345,1.2162778800090086,0.9944513653636374,1.0
3253,-1.1536467086868105,-1.3943745156194203,-0.6449466698991972,0.0
3254,-1.5177788363943812,-1.1543610812226823,-0.10935143141147262,0.0
3255,-1.3647761132874938,-1.186448839352871,-0.1477412445423584,0.0
3256,-1.480156859611406,-0.885303640612145,-0.40880717064033845,0.0
3257,-1.4159893423535133,-0.891740743077109,-0.7589250750667981,0.0
3258,-1.3829517843177184,-1.0866177556901973,-0.6610876144536707,0.0
3259,-1.3835720200485542,-0.9192920959031223,-0.7534174353112908,0.0
3260,-1.3391969943884112,-1.0232306776337132,-0.930111392279795,0.0
3261,-1.3582986737155278,-0.9112630164938311,-0.7447601918098156,0.0
3262,-1.2792612287150604,-0.9921626503843768,-0.8638766546084199,0.0
3263,-3.5439533165719523,0.24330369255373324,0.40245372092371273,1.0
3264,-3.472277780127079,-0.11723035606480173,0.3239972851993444,1.0
3265,-3.4913348829068243,-0.20888902868900966,0.3310108861044402,1.0
3266,-3.4105266580025115,-0.20905279685270967,0.02650529656739677,1.0
3267,-3.557759105437338,-0.39619872361574265,0.04559323148933309,1.0
3268,-3.4255377644786744,-0.07659377630207323,-0.08458202743342194,1.0
3269,-3.3910948083659824,-0.48966880005422553,0.24269871486499223,1.0
3270,-3.556613158292966,-0.05459955700330983,0.13653502949805046,1.0
3271,-3.2284057374775488,-0.25270973484296866,-0.3737418064891394,1.0
3272,-3.452890749905764,-0.1605467944677893,0.16463886205546577,1.0
3273,0.49532538063758846,0.7346914131145748,-0.36438201709782,0.0
3274,0.47028061133366794,0.7167143475978728,-0.36300504763434155,0.0
3275,0.4158000786394542,0.7379603063530288,-0.45434557151164745,0.0
3276,0.4864715788713333,0.6597446242028033,-0.44856567292275223,0.0
3277,0.47584941778603584,0.7214377464133617,-0.2752892050900275,0.0
3278,0.4738544759261232,0.6877503548304492,-0.4710280385354248,0.0
3279,0.35986077571369157,0.8621942863941671,-0.5380643020249293,0.0
3280,0.4925146233591451,0.872538615181729,-0.3522782060265314,0.0
3281,0.35244273514697544,1.0118866762043555,-0.07350678025135683,0.0
3282,0.3999732715595193,0.9824664881994628,-0.12958297196546975,0.0
3283,0.7026283019991549,-1.2386665180564227,-2.2212160190761465,0.0
3284,0.698800756991604,-1.2210910128969246,-2.206218883021202,0.0
3285,0.44584564593268794,-0.6137767392034028,-1.6688517430789869,0.0
3286,0.47022488603987184,-0.8901161081838609,-1.7590918100871145,0.0
3287,0.558896067215487,-0.7867053618321098,-1.2678041330238032,0.0
3288,0.4709617174426231,-0.876977895597411,-1.8070057604645549,0.0
3289,0.5630260713982569,-0.9916756680405978,-1.934931560980579,0.0
3290,0.5717626373118193,-0.9138378610448873,-2.126664389185646,0.0
3291,0.47397358024343317,-0.9828689990162327,-1.904150280576734,0.0
3292,0.5043812567987456,-1.0443702627163003,-1.8366814133228064,0.0
3293,-1.5764896539970916,-0.9162622396969574,-0.5792344147849042,1.0
3294,-1.6614508453928771,-0.9866105233117233,-0.4281668326659973,1.0
3295,-1.4459453897081562,-1.5006671055757814,-0.8844357232317823,1.0
3296,-1.4721535685510425,-1.4812049161404317,-0.695905150241489,1.0
3297,-1.663752738027916,-1.1030015567938898,-0.5326631271933682,1.0
3298,-1.6011514319564564,-1.0976665547384516,-0.32282337000084615,1.0
3299,-1.6160132178235433,-1.1466128914443632,-0.3349882391853059,1.0
3300,-1.3677309693804132,-1.5545608351217886,-0.6697450041771337,1.0
3301,-1.6340350637756642,-1.1559154669085692,-0.21849093431535022,1.0
3302,-1.57325878712399,-1.24630861887955,-0.40190884949183797,1.0
3303,-2.1907618636959065,-0.7380951640335288,-0.25286463971777245,0.0
3304,-2.0376468529846883,-1.0235967360751994,-0.579590639738851,0.0
3305,-2.1609350945792087,-0.8552491762621335,-0.6914257556501406,0.0
3306,-2.1738563536777247,-0.9871629961599303,-0.8173643058147859,0.0
3307,-2.10979050059383,-0.8305883602462782,-0.5162811125544755,0.0
3308,-2.1586900543140497,-0.9081641307269379,-0.4035335573405157,0.0
3309,-2.0585265429279525,-1.0959066527543497,-0.6254317278573065,0.0
3310,-2.0498846538792006,-1.0724014206436787,-0.5640659523162496,0.0
3311,-2.0992204202951603,-1.036840942752263,-0.426033660544314,0.0
3312,-2.1035687824221623,-1.0564279128213458,-0.4990246001583555,0.0
3313,3.296183669502747,0.8380487373957943,-1.0999723552632963,1.0
3314,3.156093264210611,0.7494406620245542,-1.0769692325010483,1.0
3315,3.1860073588717897,0.317900856277293,-1.2815853587737567,1.0
3316,3.2046518982742422,0.8395507297871296,-0.7080161913006081,1.0
3317,3.278244545262475,0.8095503646000906,-1.2836797403326423,1.0
3318,3.0501277349006584,0.6821443556517709,-1.1785376105082792,1.0
3319,3.3337352490737415,0.8785401056429872,-1.2763914260831843,1.0
3320,3.2041204724745302,1.037623695160236,-0.9036864228368726,1.0
3321,3.322537019210408,0.9673661274455968,-0.9341340795345112,1.0
3322,3.432159276896056,0.5019810227908521,-1.6581603409723857,1.0
3323,-4.219472921877293,0.35219102179135087,0.973877317845349,1.0
3324,-4.135517185398362,0.6484448382000743,0.9097505970824825,1.0
3325,-4.41441897238639,0.519603715493281,1.0228474213636747,1.0
3326,-4.132113426406339,0.4642802044996819,0.748558959709949,1.0
3327,-4.163563187155434,0.20953144795073622,0.6726800765835078,1.0
3328,-4.395856202172799,0.5476284336093211,1.0429105190533174,1.0
3329,-4.444355331795368,0.49286756500845996,1.1155395433440354,1.0
3330,-4.611106507529512,0.769024149043116,2.1947159273116306,1.0
3331,-4.397427722201272,0.44518932227197694,1.9376615728778173,1.0
3332,-4.419479159257466,0.3958963297475092,1.4264407747238088,1.0
3333,-6.330143505775213,6.7854730665063085,-1.5967866033581761,0.0
3334,-7.290522424449312,8.394126422476706,-2.5437134542423268,0.0
3335,-7.4979417381872056,8.383147181586734,-2.1647310967424125,0.0
3336,-8.486373571765569,9.624884795870043,-0.2782317198060377,0.0
3337,-8.720330832342935,9.229339774295044,-1.5486165543799593,0.0
3338,-9.210891623652286,9.670971591883623,-1.106587003555605,0.0
3339,-9.536375339604511,10.061245299472404,-1.1662369428722608,0.0
3340,-9.697757986717443,9.809733715051449,-1.4286455373615137,0.0
3341,-9.708178710314519,10.066854071537911,-1.5324026536711874,0.0
3342,-9.885499326969404,10.62221769032877,-1.7050888338191597,0.0
3343,-0.5646907263084688,-0.7742645147451578,-0.7198875187635083,0.0
3344,-0.5339586692550586,-0.8412367397513386,-0.7603757900912405,0.0
3345,-0.5027938197740298,-0.7571901151935405,-0.6615084640134131,0.0
3346,-0.5423085537899727,-0.8363139296375572,-0.8202328721336581,0.0
3347,-0.5522684727424555,-0.8767457852636573,-0.7810852541168138,0.0
3348,-0.5019453682425696,-0.9147595552162499,-0.8144787066198194,0.0
3349,-0.5729269560064092,-0.738408625655034,-0.8913790806750255,0.0
3350,-0.3063882707808848,-1.1761072453299304,-1.1664114404493713,0.0
3351,-0.5234575913929757,-0.80601333575599,-0.7901417016656989,0.0
3352,-0.6249733463643459,-0.637967555536873,-0.5199599992329904,0.0
3353,1.7786344781265,-0.06224010846574356,-0.7483945157498605,1.0
3354,1.5785697817260813,0.3350293343516695,-0.19735927735476172,1.0
3355,1.6155966247826379,0.2932599071084747,-0.38889779881632425,1.0
3356,1.5821232981710587,0.493990802446921,-0.12779144430187286,1.0
3357,1.5945048408237628,0.3250455529600273,-0.26859249716329103,1.0
3358,1.5886377759660877,0.3429420865506226,-0.16927959513307003,1.0
3359,1.5946535674706581,0.24255479789297915,-0.3259306975251026,1.0
3360,1.583749428703117,0.515973557167684,-0.09798999450742073,1.0
3361,1.5807211843342248,0.2589364697692656,-0.296368456705414,1.0
3362,1.59912818899545,-0.7656174152197559,-0.2792427205494409,1.0
3363,2.57048734477951,-1.2905142363507356,-1.36797723216422,1.0
3364,2.6486923972379794,-1.3214312809289317,-1.6408433752287255,1.0
3365,2.5730183325949993,-1.1906885277437038,-1.4765644468058354,1.0
3366,2.7723009530574054,-1.6210209879368163,-1.991785742141074,1.0
3367,2.536881796312122,-1.073230686672571,-1.399894044174334,1.0
3368,2.526842536771025,-1.2050618288656818,-1.467710335309956,1.0
3369,2.5831276622485086,-1.1889569581285164,-1.480530024606551,1.0
3370,2.628302098439927,-1.2418485338337197,-1.5834825306312272,1.0
3371,2.5797811645028714,-1.092842123467369,-1.4804888982891702,1.0
3372,2.650367438645684,-1.2268499163878708,-1.4770499536009178,1.0
3373,2.490755073543343,-0.27189704029482453,-0.10388597606478177,0.0
3374,2.527670054088658,-0.3376577945231748,-0.06916803457134756,0.0
3375,2.5133247566338697,-0.36644039900705655,-0.260276852280616,0.0
3376,2.541512429334241,-0.2749127487464476,0.028511415414888962,0.0
3377,2.518105311685478,-0.3824929629720077,-0.09595750752450709,0.0
3378,2.461810325242078,-0.5020828383357006,-0.12342086419733186,0.0
3379,2.529657382820192,-0.28240167283464174,0.22872459611210536,0.0
3380,2.4827008539284217,-0.385180640483811,-0.2190592578523787,0.0
3381,2.5286796995737495,-0.3042336395928162,-0.201617783787636,0.0
3382,2.504597536777516,-0.2084703603591126,0.02960134660457939,0.0
3383,2.452932767083827,0.2958652737051651,-0.636395409786843,1.0
3384,2.4866153649596368,0.3626094112153911,-0.7378376971032781,1.0
3385,2.492579664445898,0.4025538540853815,-0.7227809256766161,1.0
3386,2.512036216431545,0.465214493200728,-0.6842151781328143,1.0
3387,2.3914873572205844,0.39884105036893575,-0.7023288747457168,1.0
3388,2.498363705096731,0.3363779632614039,-0.826703173001416,1.0
3389,2.5010616065526,0.2585087543857725,-0.9832928288506626,1.0
3390,2.3904506238159486,0.43509500891104436,-0.5872834137085935,1.0
3391,2.4786341961530285,0.5598369268245524,-0.5429040281091444,1.0
3392,2.5182430204459094,0.3127100550776128,-0.6444675916209395,1.0
3393,2.4790848920797433,0.29652037290085603,-0.9339095857101553,0.0
3394,2.4763113012868505,0.2815551363148618,-0.7629224134268986,0.0
3395,2.5048162507994496,0.11469164599640956,-0.9673758199693975,0.0
3396,2.5095744110145026,0.24058496575205607,-0.9653449315104052,0.0
3397,2.6988695349124283,-0.2602219549039337,-1.399210040554675,0.0
3398,2.5222604759242944,0.14907586514956017,-1.0369787203872551,0.0
3399,2.5800860563383243,0.22346061720665575,-1.0210856905921908,0.0
3400,2.536279460592457,0.10095650478481587,-1.0668130503939972,0.0
3401,2.4598574069455914,0.14543219728896972,-1.181667841292789,0.0
3402,2.524576216345668,0.17040962305547447,-1.2750812856133327,0.0
3403,-1.3074856651915998,-3.174454113161471,-1.6394146105006306,0.0
3404,-1.2128230554316572,-3.028293184254323,-1.840899642975985,0.0
3405,-1.1643515959510387,-3.22918824831182,-1.9383303945057215,0.0
3406,-1.2404515451453642,-3.165591498899062,-1.8227997369793816,0.0
3407,-1.163913217109504,-3.3300188350941218,-1.921029181405785,0.0
3408,-1.2222986538503187,-3.2403233341728517,-1.8351901914091238,0.0
3409,-1.318058735391296,-2.844697542257207,-1.8423597442151838,0.0
3410,-1.2356553954228142,-3.1617637917084096,-2.095240719530648,0.0
3411,-1.2238441600980174,-3.1877927509449164,-1.9396371873027207,0.0
3412,-1.1345088198248576,-3.1938872136221246,-2.0909213296411195,0.0
3413,-0.9634704564223571,-2.941836533178497,-1.3284596970165716,0.0
3414,-0.9879870042530997,-2.7509906681197953,-1.3123267521924982,0.0
3415,-0.9714140481627264,-2.69157988229353,-1.3944591162286393,0.0
3416,-0.9717541287110194,-2.9111414813823355,-1.2605532577410876,0.0
3417,-1.0489957235194922,-2.7591151733990045,-1.196090248135648,0.0
3418,-0.9569389382843813,-2.7501579155543854,-1.2165958511559385,0.0
3419,-1.0366523286145302,-2.9096685192552383,-1.4120942884015393,0.0
3420,-0.8940070191930869,-2.9315953444355833,-1.3939303877927636,0.0
3421,-0.9600598804797763,-2.7761780020843263,-1.2772516241024963,0.0
3422,-0.9624608734412179,-2.745241496357478,-1.2101742397074713,0.0
3423,-2.1498505208407983,-0.8399466713176579,0.6999088271343255,0.0
3424,-2.1269357191139586,-0.9374521957813937,0.5647034701170595,0.0
3425,-2.172790926701538,-0.9763950351548933,0.5204495032411841,0.0
3426,-2.1140774385785166,-0.9307126544907885,0.4750951536785972,0.0
3427,-2.119730711184653,-0.8017371032594665,0.6964643390902,0.0
3428,-2.1956455538067914,-0.9947334560065622,0.34146967519010657,0.0
3429,-2.110158082715322,-1.0344499091426829,0.4136668858775206,0.0
3430,-2.178249838656529,-0.9295258419378118,0.4768228869070611,0.0
3431,-2.164598355331551,-1.0395742165967425,0.655376604585581,0.0
3432,-2.1843413951718165,-0.9630432078597873,0.3170755978911025,0.0
3433,-3.809911732177317,-0.7826392099080318,-0.010720169746743153,0.0
3434,-3.667158030580557,-0.7948933263535163,0.07014237325502538,0.0
3435,-4.016394191594907,-0.49687768054192055,1.0232040233585065,0.0
3436,-4.099549606014055,-0.14706119100406387,0.10653818914410225,0.0
3437,-4.040655775354531,-0.3211715540322475,0.4988582851305206,0.0
3438,-3.9324939723091683,-0.5253243192315408,0.34945702056833877,0.0
3439,-3.8502748042826616,-0.4664600186740929,0.20016812682735347,0.0
3440,-3.9153271493526436,-0.651651674490841,0.42186745307886037,0.0
3441,-4.144283917303595,-0.6289041631844315,1.2003052839181443,0.0
3442,-4.056143377463858,-0.7833548754985252,0.7606953205977764,0.0
3443,-4.109963838321479,2.178483022336475,1.239935387535372,0.0
3444,-3.959413254523189,2.011151018943906,1.4335336401552037,0.0
3445,-3.9513834971534516,2.134006785991716,1.187448771198,0.0
3446,-4.029434589328963,2.111322798242639,1.6705033021575109,0.0
3447,-4.003528317460909,2.029766375517041,1.5332367591344935,0.0
3448,-3.809025643889782,1.6539591566379492,1.4622006660050781,0.0
3449,-4.069170674737564,2.162714921510471,2.168708167693004,0.0
3450,-4.0127332642414055,2.220087678680739,1.8859380832435164,0.0
3451,-4.0282994446510525,2.0811877798682867,1.847554301090079,0.0
3452,-4.040115519736745,2.029077503792399,1.6152733513995814,0.0
3453,4.8630341400676,-0.11076770439471874,-0.03355077843767387,1.0
3454,4.869772325398235,-0.05150062932897869,-0.058256357919084824,1.0
3455,4.8815360354282955,-0.12715277321432183,-0.08441787124429721,1.0
3456,5.040303948722381,-0.44355784742696386,-0.26668573816924296,1.0
3457,4.8184757632330095,0.10237396284697305,0.2734487116065213,1.0
3458,5.04574510493118,-0.41431839002373927,-0.3953423444707931,1.0
3459,4.8870104548763225,0.062180698840613176,0.14372988155386054,1.0
3460,4.88526195656493,-0.06763500631772495,-0.016302049335426137,1.0
3461,4.895488071434427,-0.057028411198737965,-0.07654863430234476,1.0
3462,4.920938179089033,-0.013544256117102863,0.007593540639517527,1.0
3463,6.213490916874208,0.0009830485630847785,-0.9694409553908037,1.0
3464,6.164860750573798,0.13278410856313747,-0.6625633409911451,1.0
3465,6.12837391847264,0.010280247761688774,-0.9423999270942752,1.0
3466,6.1859975268999055,-0.0016784879188015227,-0.9234846333793805,1.0
3467,6.215541268407409,0.18225194067649,-0.8566283068108365,1.0
3468,6.125175459602221,0.241492393505021,-0.8212571202424654,1.0
3469,6.233547789206311,0.1343911471420687,-0.8767402087858241,1.0
3470,6.091321073737733,0.035043391460421944,-0.8422471655648285,1.0
3471,6.140095169122909,0.19833723372356366,-0.8667897482977109,1.0
3472,6.412952380512081,-0.1726919887985928,-1.1995907632461709,1.0
3473,-3.134068608596545,-1.6772483927755033,0.3443326438154621,0.0
3474,-3.172907011028552,-1.8456390043885569,0.13028960665800934,0.0
3475,-3.2050372240826746,-1.6711178316573816,0.27317023234745413,0.0
3476,-3.1557598541095873,-1.5851446131171665,0.45489982541695706,0.0
3477,-3.1227178275207548,-1.5947956822226568,0.3245286348933177,0.0
3478,-3.2194041434586786,-1.7642450790828585,0.43212052834763315,0.0
3479,-3.1935008735264923,-1.739122153648256,0.09898433879029847,0.0
3480,-3.172860395044081,-1.750865541498951,0.38012200867657575,0.0
3481,-3.254260397826901,-1.7188982365860537,0.40967685497014755,0.0
3482,-3.1158658040292666,-1.7893192526246235,0.20002965835992934,0.0
3483,0.7779908597431471,-1.153826677157919,-0.12295272967138567,0.0
3484,1.0033277227063677,-1.4858374060552628,-0.47880558151945446,0.0
3485,0.8013739957387626,-1.0860866216683482,-0.04726674747716697,0.0
3486,0.9011141184084638,-1.1417924963156427,-0.10558046840828693,0.0
3487,0.824985842266151,-1.1122252145942153,-0.048015907931846194,0.0
3488,0.7660727118238391,-1.0566328097601916,0.05608803788081857,0.0
3489,0.8413179841955516,-1.1353040556235556,-0.15463207133768234,0.0
3490,0.858265479788219,-1.2002460389609788,-0.07051572554296813,0.0
3491,0.7232063742522561,-1.096142711680125,-0.0983701166565508,0.0
3492,0.7267053705388667,-1.0539290134853627,-0.1196270793224138,0.0
3493,3.0634741093666156,-1.6714857542634578,-0.0010850692031423572,1.0
3494,3.125248498170369,-1.6131094317944261,-0.21262215871974835,1.0
3495,3.247007538760677,-1.672894885198709,-0.1602495494817713,1.0
3496,3.2104034080120694,-1.6795993397946576,0.13557770503376734,1.0
3497,3.331623391988825,-1.8290425117093532,-0.11391246058133427,1.0
3498,3.2025484358117473,-1.8575764070698915,-0.06296809379313219,1.0
3499,3.2201504384093242,-1.7967625357523611,0.016554847356884964,1.0
3500,3.133912032000961,-1.7673708405881303,0.005650594445588709,1.0
3501,3.470792705938788,-2.0947454887475856,-0.5676514901634342,1.0
3502,3.161221865378663,-1.7635421695293076,-0.2795588313638791,1.0
3503,2.537999339658413,-1.6875362318425988,0.6402794625235326,1.0
3504,2.5777825139431694,-1.6643842848052002,0.6356062419323879,1.0
3505,2.5762100973616997,-1.6913104552392506,0.602446422652533,1.0
3506,2.541431549042213,-1.6837309945881898,0.5288106883196334,1.0
3507,2.5665845264340548,-1.609840776045377,0.6658982965187789,1.0
3508,2.5673774651927364,-1.7265298029391873,0.6504109826489374,1.0
3509,2.486691970256052,-1.5885139398971173,0.7363343414821711,1.0
3510,2.5922922097864927,-1.7343953389465558,0.6205012891201052,1.0
3511,2.554174495334208,-1.650326150264043,0.6449279867841644,1.0
3512,-0.22361256019548378,-2.4826425433000576,-1.3439984579163655,1.0
3513,-0.2516684518646144,-2.3760226105167037,-1.3059454296491482,1.0
3514,-0.23560339507462424,-2.3840329984189013,-1.3415425442269764,1.0
3515,0.000580128545354602,-2.891226255579757,-1.7560246090924445,1.0
3516,-0.24856030778809884,-2.31075317749769,-1.2385716707895051,1.0
3517,-0.19416684977364396,-2.40082962891714,-1.3477771266063134,1.0
3518,-0.24822868406819473,-2.479117279980543,-1.565494074430935,1.0
3519,-0.21625281828233303,-2.4153138400398144,-1.327295039599535,1.0
3520,-0.2240120461469094,-2.375634623839747,-1.3914681923946188,1.0
3521,-0.3119188696927436,-2.365395349497428,-1.2066038781767061,1.0
3522,-2.9462341705685473,1.478021855455347,0.0395259791861286,0.0
3523,-2.9206097634780064,1.351088316556104,-0.5724813700834994,0.0
3524,-2.9528218875339425,1.3883148237968117,0.17334617014204778,0.0
3525,-3.0201731777768366,1.3580838735246779,0.5397426042461387,0.0
3526,-3.0452690600502845,1.2532841961592145,0.3089521467169621,0.0
3527,-3.0618910458269677,1.2672570995536352,0.3976268040573419,0.0
3528,-3.00442034158176,1.1280145927767624,0.06642543318453739,0.0
3529,-2.9534387824680426,1.2296943685212771,-0.09520378028317181,0.0
3530,-3.0546646266374,1.3035103549445142,-0.28682678292200336,0.0
3531,-3.1022068501049147,1.3671184239161778,-0.29233896700633283,0.0
3532,0.6398729114025745,0.5236064018552021,-0.6935385171683968,0.0
3533,0.6253333861956247,0.4585164611630235,-0.6456189852530665,0.0
3534,0.5224920153680598,0.47234358794288256,-0.6831309441458656,0.0
3535,0.5815219536533154,0.5323656101322982,-0.6014644029573771,0.0
3536,0.6480893200137049,0.5625595870314017,-0.5014792383066993,0.0
3537,0.6317149240042195,0.4982117701274886,-0.45816276816730317,0.0
3538,0.5953177787133335,0.6077493582671168,-0.430960242282273,0.0
3539,0.623885204564378,0.47504134517748714,-0.4404222256534816,0.0
3540,0.6546918728965984,0.6066271762484922,-0.4872238063072142,0.0
3541,0.6106393148712319,0.4775915032899885,-0.4464574140929885,0.0
3542,-1.9717478912815485,-0.48873610675668683,0.1669571364314664,0.0
3543,-1.6866713845211736,-0.6992358172853547,-0.20940048817814821,0.0
3544,-1.7603317909660223,-0.48616629106851084,0.0701932348426793,0.0
3545,-1.7252678324609196,-0.6131653047547174,-0.3593873015849834,0.0
3546,-1.7224897952603475,-0.4814138176630634,-0.07750240981516537,0.0
3547,-1.7578421733352994,-0.6616814932580707,-0.016549815474115118,0.0
3548,-1.6567817078441087,-0.7648753204266101,-0.5478362800468963,0.0
3549,-1.7018533863424141,-0.5587332558254325,-0.1334375875662598,0.0
3550,-1.7040359515699912,-0.6115937355750926,-0.14684306700555788,0.0
3551,-1.7370019994801855,-0.4941922342746386,0.08012340854921708,0.0
3552,-4.3068155501920256,-0.9877715629316973,0.9801510781273792,1.0
3553,-3.9677975441464963,-1.3940969954555715,0.20690505761201045,1.0
3554,-4.404849737132409,-0.8193990543211106,1.0746096242365042,1.0
3555,-4.303439619508075,-0.7289130114856136,0.960307402364374,1.0
3556,-4.174843815971134,-0.9417024474366172,0.6716043168303191,1.0
3557,-4.234407102527067,-1.0053519795639412,0.7050077328009788,1.0
3558,-4.1916502485538825,-0.9099491563920867,0.5729524424432104,1.0
3559,-4.185286197425258,-0.857062995985546,0.7514151497254516,1.0
3560,-4.22583568308926,-0.9741332149862328,0.6030221922511894,1.0
3561,-4.2730433627745965,-0.6856926909406318,0.7597055362365593,1.0
3562,-2.839604062674746,-0.8892897843547124,0.7079118065903998,1.0
3563,-2.558462426990646,-1.1602859976926725,0.333982688732437,1.0
3564,-2.6934186196345213,-0.7541155320143352,0.5288605424342224,1.0
3565,-2.8062572203058354,-0.6612479027435657,0.9063496999630184,1.0
3566,-2.912781058456166,-0.508058361234837,1.0882604577972468,1.0
3567,-2.521707066733554,-1.194486098854099,0.3067434285666435,1.0
3568,-2.773194422441912,-0.7078379053595937,0.8338018683201277,1.0
3569,-2.532879362480207,-1.2190684881759803,0.37268723425810385,1.0
3570,-2.759456351889682,-0.7827025151255718,0.671674809717824,1.0
3571,-2.789759596434187,-0.7980229594502293,0.5084770495710202,1.0
3572,-2.5316472352332537,-1.7454371885756488,0.6480582924793299,1.0
3573,-2.5864535292944915,-1.494564557508531,0.9397045365370053,1.0
3574,-2.64530414510146,-1.5528799621352116,0.9667839326357247,1.0
3575,-2.6657497965638983,-1.4473045556723205,0.9646536903850933,1.0
3576,-2.650337238594074,-1.56094989841534,0.8884995616622283,1.0
3577,-2.6254554209080174,-1.4984734849363641,0.9503180534673815,1.0
3578,-2.5711874608338916,-1.693342051690465,0.7584033844823291,1.0
3579,-2.585260480271934,-1.712082086207519,0.5124992654611743,1.0
3580,-2.6038514107329513,-1.7965054261273101,0.6081193265550969,1.0
3581,-2.6380304782112085,-1.415879370645107,0.911979614400681,1.0
3582,4.062707552208267,0.30604316391424413,-0.15657598430999817,1.0
3583,4.284834889849878,-0.13990227271542408,-0.4473698700621836,1.0
3584,4.099536676018928,0.2809501372143133,-0.23850803072900373,1.0
3585,4.07446198589381,0.3715584945724136,0.001777764139006145,1.0
3586,4.2125721855926255,0.321639816543066,-0.1855887233419295,1.0
3587,4.102432805582302,0.33989630551807587,-0.09522312911147157,1.0
3588,4.039950572130272,0.5228676532591146,0.061916510406748664,1.0
3589,3.9845983781268104,0.3347287434729369,-0.29092147693117953,1.0
3590,4.0596145495837686,0.34094033291245923,-0.41648423049723177,1.0
3591,4.156171175266226,0.3252674577831231,-0.18145849647621176,1.0
3592,4.035874750460554,0.07156883761092799,-0.7706154834417808,1.0
3593,3.9620557745057097,0.018905546103971885,-0.9500787243154956,1.0
3594,3.904578429940045,0.32139797278357424,-0.4885600135746358,1.0
3595,4.006485122053077,0.2634188731920791,-0.6706260785235331,1.0
3596,3.9965320208781048,0.05595608028041904,-0.7659493018144117,1.0
3597,3.9868666684230267,0.04534506547740194,-0.7602548693608028,1.0
3598,4.007655234472961,0.1493960393909255,-0.7563891910574955,1.0
3599,3.995664223452578,0.2517489218086681,-0.6484389864203761,1.0
3600,4.030627122434356,0.10684017601770814,-0.7535996451746243,1.0
3601,3.9871418971800563,0.16740644223940404,-0.8172096802627041,1.0
3602,-3.3838000556451147,-1.1687547652070225,0.48111981902120005,1.0
3603,-3.4403681394702175,-0.91274312495437,0.620746579183354,1.0
3604,-3.3646698282966088,-0.9972052461001786,0.43096836305171415,1.0
3605,-3.3075876712804457,-0.9647900355981803,0.25513916689768035,1.0
3606,-3.0785324746560145,-1.479827952119764,-0.20559398580371357,1.0
3607,-3.3809967594625423,-0.9040297953361546,0.28960988528613296,1.0
3608,-3.307266332189881,-0.7870348342739111,0.35248535036220796,1.0
3609,-3.3302720268870005,-1.0344721512759614,0.3338657772518259,1.0
3610,-3.301544081450142,-1.0298348767708834,0.4305290925275811,1.0
3611,-3.4007833704326043,-0.735767321682232,0.6038686482120732,1.0
3612,1.538653430064235,-1.0021232662738657,-0.41516471551432615,0.0
3613,1.6276195024538058,-1.0522122875799733,-0.2704892784571616,0.0
3614,1.4388961978567931,-0.8002608271635501,0.052599911324157526,0.0
3615,1.7838174263818527,-1.3899595230363957,-0.5731930087368089,0.0
3616,1.5738333721628353,-0.9127966023324162,-0.24275235814072918,0.0
3617,1.588586715879164,-0.6766086475107944,-0.007028493600509962,0.0
3618,1.620205249652249,-0.9475493263908167,-0.13828101088084002,0.0
3619,1.5664114041076707,-0.8411766190500312,-0.022284424639453126,0.0
3620,1.5807956247830088,-0.9221812855702038,-0.20281118591426558,0.0
3621,1.5703862640213682,-0.8222370446119377,-0.12267754962190375,0.0
3622,4.942285211548153,0.8749972655281204,0.14687313203277222,1.0
3623,4.8469025965464025,0.7595818569847655,-0.23260784798967138,1.0
3624,4.883140916404511,0.9208446748126762,-0.13067257704688667,1.0
3625,4.8430740280257725,0.7019450649383324,-0.31376117533065173,1.0
3626,4.904204032125635,0.7076698710530912,-0.32259827102214683,1.0
3627,4.813738189225484,0.5936130683071059,-0.09169694256557491,1.0
3628,4.801388978244323,0.6458194343763302,0.11409241928945367,1.0
3629,4.863121263960225,0.4214701304392965,-0.6752703516677289,1.0
3630,4.725834798863934,0.7580763375190053,-0.3450214667356602,1.0
3631,4.979088483673372,0.7165977747146458,-0.3850217844022567,1.0
3632,-4.70832619752034,2.1857361229931036,1.10211677511555,0.0
3633,-4.733328924267325,2.239611133738018,1.5238251156998257,0.0
3634,-4.7181276895404185,2.3909637970299342,1.238163832579781,0.0
3635,-4.767765180956407,2.2415239440821266,1.3310556423482853,0.0
3636,-4.783777886024782,2.237713330857647,1.293719931624052,0.0
3637,-4.947132227836892,2.500252476147841,1.8141342766544712,0.0
3638,-4.624268739110879,2.214804031640683,1.3208243780729063,0.0
3639,-4.654798489713159,2.228056163045996,1.3117507082287059,0.0
3640,-4.739896170695253,2.332526072912291,1.4883037485272257,0.0
3641,-4.845929061182122,2.3137396211427634,1.376329254328166,0.0
3642,-0.3643786711123212,-1.8119919848909538,0.11207595879263085,0.0
3643,-0.11475204705968534,-2.3472642671379544,-0.5590775121591318,0.0
3644,-0.38980963223560017,-1.890951665466356,-0.08136088195397029,0.0
3645,-0.3589647179215167,-1.9228258755657437,-0.09194998018035093,0.0
3646,-0.36988199076825795,-1.9043927398464242,-0.14989523463756124,0.0
3647,-0.3821387663842422,-1.880982641002899,-0.2210681634031575,0.0
3648,-0.33376693457172935,-1.8977358324500655,-0.11081070436976814,0.0
3649,-0.33077069815672705,-1.9335582115317311,-0.21350220519969326,0.0
3650,-0.35804098390161343,-1.771733332143177,-0.06809123764579762,0.0
3651,-0.37457543512548835,-1.8620639198497282,-0.14964778236922532,0.0
3652,1.4645365273680748,-1.3593479716100005,-0.9344331302459208,0.0
3653,1.423691326698825,-1.184992637430646,-0.7566598916148068,0.0
3654,1.45941824255585,-1.2527943872869758,-0.8818965962449364,0.0
3655,1.4792388506305985,-1.0829458518144428,-0.6606328010379101,0.0
3656,1.504191915037317,-1.2479698320003838,-0.8898184341437347,0.0
3657,1.4774626735138492,-1.2939414691997047,-0.9338333693249113,0.0
3658,1.494366275765148,-1.1379473584092035,-0.7029754402521959,0.0
3659,1.5341326503768788,-1.2545020709979244,-0.9479128783720729,0.0
3660,1.4796700409926506,-1.366655333331332,-1.0520013681692313,0.0
3661,1.4744264045403639,-1.134177749344116,-0.7478575651512956,0.0
3662,-2.750086044235425,0.1348083212215682,-0.48668768918007965,1.0
3663,-2.7105189899464417,-0.08853331000003364,-0.14401265682374034,1.0
3664,-2.7660956417578606,0.11282927325003188,-0.27362855806598135,1.0
3665,-2.723336085929937,-0.0032640947294148423,-0.4216808908190169,1.0
3666,-2.6977387570850846,0.005395636960455608,-0.49735811213744824,1.0
3667,-2.729420869173901,-0.03526381948911779,-0.5461733174005919,1.0
3668,-2.666792528044672,0.1571360737085223,-0.6062472940603739,1.0
3669,-2.7694806443154847,0.24816916143819304,-0.33076793477872257,1.0
3670,-2.4853007353057706,-0.3637087167740781,-1.0129390759874717,1.0
3671,-2.6363321420018275,0.003214844607728698,-0.43985945316541236,1.0
3672,1.580909674771258,-1.860997767332221,-1.5491684223665056,1.0
3673,1.5494300830822654,-1.8891650849234944,-1.7019531212935968,1.0
3674,1.4818480163684755,-1.891727059433487,-1.7394790800433138,1.0
3675,1.5876492430567823,-2.022047782890612,-1.766025713836723,1.0
3676,1.588654096682902,-1.9354022829489104,-1.630192322301252,1.0
3677,1.5889190071066135,-2.032133346373901,-1.5846974692630345,1.0
3678,1.773390862052805,-2.33008002766165,-1.9905375650949244,1.0
3679,1.5732166230440545,-1.9022082093679478,-1.6191440861125859,1.0
3680,1.649156012189194,-1.9392642384284453,-1.7193487267432728,1.0
3681,1.6497120351145993,-1.9416616366157127,-1.6282087265331444,1.0
3682,7.261741897672044,1.6614617877873978,-0.5770989451085413,0.0
3683,7.2678506310900985,1.7349272262482334,-0.23690132008914852,0.0
3684,7.292231062662463,1.6342572477964024,-0.33746178487557593,0.0
3685,7.294839250573366,1.6723669059193265,-0.3488249210225244,0.0
3686,7.339227384600682,1.6353221383490053,-0.28027609376920004,0.0
3687,7.313980555587241,1.6529762704141036,-0.2545874727985093,0.0
3688,7.377857208932873,1.6164901079202125,-0.31533115290075436,0.0
3689,7.374437341935274,1.6221500576721606,-0.4010096450337834,0.0
3690,7.3507677458766985,1.790628103711072,-0.12600365097659252,0.0
3691,7.309486149200659,1.7095121348604452,-0.3022813120227429,0.0
3692,1.800342057757529,0.6678937957928335,-0.2636412843062214,1.0
3693,1.8154684909115921,0.6213932639047921,-0.27026569304068954,1.0
3694,1.7980426100048814,0.810798770029779,-0.10616172892906339,1.0
3695,1.831246225885219,0.5735266419316692,-0.48537807177836473,1.0
3696,1.8169384560884052,0.783818314308183,-0.20786072369094763,1.0
3697,1.8024541663850944,0.5791821029434973,-0.4232168565286871,1.0
3698,1.7921047939735988,0.6656483666674573,-0.2800080671293776,1.0
3699,1.7555355476858256,0.6999508182222548,-0.16014619763628946,1.0
3700,1.870405949582566,0.6612217592060401,-0.28646620881770435,1.0
3701,1.8686487457148226,0.7298614423059411,-0.3402143595971228,1.0
3702,-3.89554713504126,0.8449971849958208,0.739317022887727,1.0
3703,-3.99013428279113,0.45605183210606653,0.7339960843494725,1.0
3704,-3.7131087295086957,0.8960320429406632,-0.7440471176930014,1.0
3705,-4.033839737110162,0.8528304114210632,0.40611065605186303,1.0
3706,-3.905232281153943,0.7826916955913736,0.6295986823431198,1.0
3707,-3.653640883920487,0.1725410790270051,-0.29796441199339124,1.0
3708,-4.088955664487609,0.5910772885369018,1.2037733942496787,1.0
3709,-4.0836174889603845,1.0078954108384337,0.9723770845224984,1.0
3710,-4.022205418935253,1.170193531806,0.9372994335949836,1.0
3711,-3.835264476400592,0.5632429104054151,0.9153078903550619,1.0
3712,-0.351777691483338,-1.8190606267515874,-0.8223196098370448,0.0
3713,-0.5877402005964619,-1.4548624180154848,-0.316950224551487,0.0
3714,-0.6012284758803533,-1.3215807975204967,-0.2481337030834514,0.0
3715,-0.5368182646109029,-1.4987929404627092,-0.28314025745054044,0.0
3716,-0.5851465083714174,-1.4876870334908574,-0.5786682086039572,0.0
3717,-0.5899127284946281,-1.2853658042407439,-0.15985650208943922,0.0
3718,-0.6013834229190914,-1.353380732780869,-0.4828568291014802,0.0
3719,-0.5853496574264812,-1.4749617736737446,-0.3248759480700567,0.0
3720,-0.6367955879271167,-1.4680079764037406,-0.40586286694313334,0.0
3721,-0.5306063295285759,-1.4222321498550414,-0.3638204077608576,0.0
3722,-0.5577754183791149,-1.635784432489817,-0.5888772315513762,0.0
3723,-0.5723033668416679,-1.4105353830357323,-0.33398635731401505,0.0
3724,-0.5601402340708354,-1.530320529377967,-0.6117968671419994,0.0
3725,-0.5209061634211262,-1.516592356469891,-0.6033114470943387,0.0
3726,-0.5686642329846419,-1.479576060142342,-0.6748206084279913,0.0
3727,-0.5575947134974868,-1.6220292011281676,-0.6973977576644351,0.0
3728,-0.667217345082874,-1.4963578216359288,-0.6075056163109577,0.0
3729,-0.5668453255469329,-1.3846858517489526,-0.451834725279798,0.0
3730,-0.5632161917582121,-1.5867573231311147,-0.8098239582188288,0.0
3731,4.3666840877408095,2.748730565405652,-0.5183957530119138,0.0
3732,4.674534781246077,2.8223899940013535,-0.6175851345618638,0.0
3733,4.692425021960546,2.8154917892991866,-0.6956492279389183,0.0
3734,4.615192732656278,2.8222490585113196,-0.49273700829510775,0.0
3735,4.62496244982025,2.850365889011412,-0.6813404736076801,0.0
3736,4.5018935572769685,2.8367500682321163,-0.5411662189888007,0.0
3737,4.79343280654879,2.336060357318933,-1.0045387794312515,0.0
3738,4.6200189546476285,2.8781967429930684,-0.7625091501591266,0.0
3739,4.464954016456147,2.8323381341715597,-0.9542753099912555,0.0
3740,4.494672334542048,2.805461690317167,-0.9802975284280963,0.0
3741,3.7767417857969496,0.2568153998895272,0.5269332567386589,1.0
3742,3.725835643895508,0.33203901532762986,0.7159328862781122,1.0
3743,3.794998187664537,0.13470329660569483,0.24068832864415965,1.0
3744,3.6846566590996943,0.293082124627434,0.5759909103231364,1.0
3745,3.806329911616635,0.17737810420992686,0.323153137604452,1.0
3746,4.070403643784882,-0.18709200417626676,0.03508562469888771,1.0
3747,3.85063799092149,0.07772941113459604,0.3598349094001954,1.0
3748,3.890750437237273,0.3735979450333496,0.41572070828506547,1.0
3749,3.7725943461100426,0.4242594584451494,0.6277044720034404,1.0
3750,3.8978891170203736,0.28243275335418205,0.5064680627579011,1.0
3751,5.205504390746186,0.6299813742870207,-1.0852562682246936,1.0
3752,5.126759245532244,0.7569675476162022,-0.9057996132638607,1.0
3753,5.165399270929209,0.5998331266154295,-0.9894558559922338,1.0
3754,5.2164330685380556,0.5802681422874477,-0.9622444626896063,1.0
3755,5.270058489600246,0.7568582306986573,-0.7614576894307614,1.0
3756,5.138648251437429,0.576293906160739,-1.059716852662834,1.0
3757,5.190467957428584,0.7557817602398932,-0.7154298007102521,1.0
3758,5.216763443720676,0.8226885977752206,-0.9158517702348377,1.0
3759,5.160623228444958,0.6637241975053417,-1.228319869746748,1.0
3760,5.163891420672461,0.6944620114872573,-1.152237927601849,1.0
3761,-4.317303139246157,-1.772884899139711,1.0290063859437635,0.0
3762,-4.699317488702157,-1.3590026627446459,1.8817740527913767,0.0
3763,-4.624755029667314,-1.350648133019823,1.7595244616573282,0.0
3764,-4.5711707193555595,-1.4305680958695812,1.5173687582516797,0.0
3765,-4.713185628124873,-1.1322543049628198,1.991470204013166,0.0
3766,-4.567048620396388,-1.4551887857064647,1.5099350381895944,0.0
3767,-4.436730191545125,-1.4789372118612822,1.5731970334293577,0.0
3768,-4.391614291041087,-1.4176735065909603,1.5085736219561245,0.0
3769,-4.458998986427575,-1.3619449706525488,1.1583291339651292,0.0
3770,-4.527317046788725,-1.184493977874651,1.4669311413786355,0.0
3771,-1.3032166176739401,-0.6395153926038207,-0.8502532390792743,1.0
3772,-1.162902000297129,-0.8859070777789986,-1.2618439361971696,1.0
3773,-1.1404959235170364,-0.6727707575258378,-1.358413695095745,1.0
3774,-1.128720705984499,-0.8806520679101132,-1.6633818308217025,1.0
3775,-1.0871082344390088,-0.9490375804548151,-1.1434509227914267,1.0
3776,-1.2084666932296384,-0.7419554017885406,-1.2202201389067189,1.0
3777,-1.2468498365195637,-0.8176051538866433,-1.2972746297249804,1.0
3778,-1.2129157790985463,-0.744497011056072,-1.147838051110258,1.0
3779,-1.215601258309293,-0.7457700934699688,-1.127429056209049,1.0
3780,-1.1881356829040908,-0.5679258100108489,-1.0847085948470199,1.0
3781,-1.9319039812090106,-0.742110452252973,1.0183168739094954,1.0
3782,-1.7720016113871178,-0.8443672703040751,0.9374930713498691,1.0
3783,-1.8133917741778216,-0.9562319824129155,0.8240739054416839,1.0
3784,-1.710239996018839,-0.7277682091934863,1.0250741722142716,1.0
3785,-1.811333709930539,-0.7995757405119571,0.9860360229327336,1.0
3786,-1.7595057322790488,-0.8155180185282497,0.7985910645449352,1.0
3787,-1.7494934996774798,-0.8722070495512193,0.9390230109449187,1.0
3788,-1.8508216452867694,-0.8065330033805795,0.7033022245135105,1.0
3789,-1.7571853686224794,-0.797397328409476,1.0491032503220916,1.0
3790,-1.7778923389946946,-0.7126202767634157,0.9582650078592958,1.0
3791,2.923900653619722,0.135761323204661,0.019548544303439122,0.0
3792,3.0504047576445696,0.05687387823857747,0.011615269526111052,0.0
3793,3.251767335353848,-0.30104716605116394,-0.22324324867579812,0.0
3794,2.9601527572694843,0.05372269871436073,0.11574956969050745,0.0
3795,3.0961862886422016,0.14167836932500127,0.06880950985721095,0.0
3796,3.213035230852362,-0.239446469684548,-0.45740144538399713,0.0
3797,3.0849747538121677,0.08975089370111994,-0.3877585313578651,0.0
3798,3.2476593359158463,-0.24883939350506265,-0.37456085480567736,0.0
3799,3.0044118225041867,-0.048130380760683815,-0.05238650718740645,0.0
3800,3.0124033417542897,0.1032342708230362,-0.09291920181307921,0.0
3801,-1.097496689026004,-0.7013268466939575,-1.1788510135745756,1.0
3802,-1.0634067976736477,-0.5821643494676747,-1.1475234946701172,1.0
3803,-1.0959242422132016,-0.5667847919872346,-1.1470810992996279,1.0
3804,-1.0530617975430774,-0.5396184380104282,-1.1923790854301015,1.0
3805,-1.102125347773576,-0.500376839306982,-0.9897860088153491,1.0
3806,-1.0839734106506234,-0.4376805835020402,-1.083189423737005,1.0
3807,-1.1699827139135193,-0.43547658567495945,-1.0146001521278603,1.0
3808,-1.0687567234507824,-0.47930127842502634,-1.2970184698280833,1.0
3809,-1.1470592223779246,-0.6160633968286536,-1.0716995297183318,1.0
3810,-1.1347753608892226,-0.6296302065501124,-1.0470777153683206,1.0
3811,-2.9788465487335163,-0.8445736629550716,1.0254029127275432,0.0
3812,-3.0667132402361212,-1.1200870538757242,0.705039353703128,0.0
3813,-3.0891437537288584,-0.9936313776146727,0.9670392560966651,0.0
3814,-3.047501195076247,-0.9392353662703333,0.7113858147915038,0.0
3815,-3.058600821159451,-0.9835844255559799,0.8740337255415225,0.0
3816,-2.809679246748194,-1.0957764048811762,0.7411272743199985,0.0
3817,-2.9993787665566547,-0.9050425231624136,0.864830792801359,0.0
3818,-2.747529994972151,-1.477909289739366,0.24831809128186844,0.0
3819,-3.046266355401184,-1.0061192180479814,0.7998101332110337,0.0
3820,-2.9700326722070494,-1.1057670960680817,0.850809980853483,0.0
3821,-1.3123386904691905,1.9280692434002173,1.0224129267921738,0.0
3822,-1.3277985543567965,1.9232455523072323,0.8219178541719104,0.0
3823,-1.3497205555579312,2.057121991124039,1.2953900324057053,0.0
3824,-1.4510318550725616,2.1710824659629573,1.3325611448480315,0.0
3825,-1.435346114998672,2.1008417911790978,1.147994309591017,0.0
3826,-1.3560519208441333,1.9786796000355966,0.9250212458641306,0.0
3827,-1.363867394288205,1.9328847094668222,0.9595052336107933,0.0
3828,-1.4442183250320897,1.940440699769778,1.1210457549687,0.0
3829,-1.3822153705710314,2.1522360500065396,1.3702182478905633,0.0
3830,-1.384307230751633,2.0188200919005186,1.1942270460234494,0.0
3831,-5.061327048103491,0.810091857524403,1.767669279453265,1.0
3832,-4.912589946339027,0.5136160920453188,1.6157358070328465,1.0
3833,-4.905429915975135,0.5936922310836215,1.5422089365594978,1.0
3834,-4.9803301983604795,0.5135428142633353,1.6078642460398072,1.0
3835,-4.997190731562712,0.6339814444675842,1.7644793183063212,1.0
3836,-5.034625185680705,0.7500568977993978,1.8003188809807376,1.0
3837,-5.081728644284159,0.5529556616923033,1.699664881002203,1.0
3838,-4.941580602820877,0.43936945729223154,1.5258066136514814,1.0
3839,-5.097294820710526,0.5385447467822803,1.492708534713393,1.0
3840,-4.979823442101069,0.44261392766713564,1.6199004227027383,1.0
3841,-1.7194089231207723,-1.3346277029994758,0.24487039364822466,0.0
3842,-1.772393127377799,-1.369931467745486,0.010572849917224082,0.0
3843,-1.7302002678434556,-1.3411061805969504,0.21878128772223204,0.0
3844,-1.7108926390798522,-1.3123550241669937,0.1094047407600662,0.0
3845,-1.428805084112961,-1.7866744358562945,-0.2699526536971396,0.0
3846,-1.707340374477458,-1.2441717802296355,0.3282145409764142,0.0
3847,-1.7316933305219178,-1.3229044261837342,0.11289240282341019,0.0
3848,-1.8321836587462041,-1.2739069239390555,0.31632238244404276,0.0
3849,-1.699328756366188,-1.3431889421844543,0.1307042577932971,0.0
3850,-1.4343408553494281,-1.7459251856304487,-0.3074829829276613,0.0
3851,0.6507030551913905,-0.7250191354843166,0.43732366400533784,0.0
3852,0.7631141581124345,-0.7927603269935325,0.608954616048034,0.0
3853,0.7377699021642264,-0.7814395792979321,0.4692196418512651,0.0
3854,0.7625081344697572,-0.7268986276096662,0.5427585571544312,0.0
3855,0.7933010738224816,-0.6842286213363752,0.5560357567193561,0.0
3856,0.7065589333295405,-0.716898555074869,0.4946319673903465,0.0
3857,0.7418117216249988,-0.6845486914372338,0.4094580996324589,0.0
3858,0.8345308248719957,-0.6445993278516134,0.45275020064882104,0.0
3859,0.6830286538497657,-0.5100645575747431,0.7023433500388242,0.0
3860,0.7743173712685038,-0.4526805435883726,0.5305411405406459,0.0
3861,-0.7719698419202842,-2.2786500482645504,-0.18803519572966318,1.0
3862,-0.8162755699188801,-2.3128710690152636,0.0549025001215284,1.0
3863,-1.0268330723372134,-1.8862276976457109,0.2797047050158441,1.0
3864,-0.7549202096479576,-2.483272892592048,-0.32486025918965916,1.0
3865,-1.1113766283230666,-2.0462469012422155,0.5881326394433647,1.0
3866,-1.001547273126434,-1.9485683484105802,0.010304706968182083,1.0
3867,-1.0472619137142833,-1.9324974087449107,0.16097525758980247,1.0
3868,-0.9081333179408149,-2.1149320596869097,0.24647770101389332,1.0
3869,-1.05087679318005,-1.7992806958975454,0.5542395639537823,1.0
3870,-1.0831869719218878,-1.8754823985676345,0.34812574533670415,1.0
3871,-2.13168883452926,-1.7895118129332848,0.1521722525092871,0.0
3872,-1.8575951049233062,-2.1668641978394385,-0.36573256126886605,0.0
3873,-2.231124120658211,-1.721947085987855,0.0794376099327009,0.0
3874,-2.0901287464337517,-1.751785081424989,-0.0927460881793998,0.0
3875,-2.1530810644010216,-1.5128079939821744,0.2037899822148325,0.0
3876,-2.146732522304724,-1.7187179130709929,0.14222884587480839,0.0
3877,-2.0878288780013308,-1.6044291192991165,0.1545958931005195,0.0
3878,-2.061676818537974,-1.7736870818218298,-0.08787778196492334,0.0
3879,-2.1735373972570593,-1.812007193357461,0.14318266165464397,0.0
3880,-2.14224172991342,-1.765739301940104,0.06606573261743322,0.0
3881,-1.2200942845373954,-3.3886647320356946,-1.3691265832314439,0.0
3882,-1.1956163698023026,-3.5604170384653897,-1.6622747463436902,0.0
3883,-0.8871534708857677,-3.952523557330182,-1.9429923917087017,0.0
3884,-1.2364717333768862,-3.4026155250170635,-1.102825703793947,0.0
3885,-1.2094004122530218,-3.548010775186374,-1.5564048556085501,0.0
3886,-1.1325714879393545,-3.556207307275768,-1.4913936246034445,0.0
3887,-1.238107082971809,-3.354837036038833,-1.2263306776516738,0.0
3888,-1.131307273242058,-3.5671517403229895,-1.4994787457007972,0.0
3889,-1.187024286333024,-3.5646883329311105,-1.6748755930881936,0.0
3890,-1.129362256200917,-3.6112554528735785,-1.5450513673196866,0.0
3891,-1.066099781792349,-1.1516972481116892,-0.14722880474129763,0.0
3892,-1.0891485901350884,-1.2421676581503922,-0.24757194132803892,0.0
3893,-0.9980260893965761,-1.330099606169674,-0.4563339931116274,0.0
3894,-1.0393621816232457,-1.3686496978744125,-0.3186187233845115,0.0
3895,-1.0526597470401855,-1.3575659651372962,-0.5394552628283816,0.0
3896,-1.0386873886807033,-1.336891898859795,-0.4736478268729253,0.0
3897,-0.7857584117033893,-1.754019820439367,-0.8111694804636912,0.0
3898,-1.1011639636747315,-1.266047086111486,-0.35052443258043825,0.0
3899,-1.0041330472740417,-1.4569894343157637,-0.6202918792365382,0.0
3900,-0.9954660578053437,-1.2857427590920774,-0.3453646567706272,0.0
3901,-3.2987823028423544,-0.5228554237917489,0.3779902541048915,1.0
3902,-3.313421305746258,-0.28720780849262706,0.5625417792335815,1.0
3903,-3.2938421365807025,-0.3876250054137718,0.10939326794277893,1.0
3904,-3.2988402847469187,-0.4660922633972835,0.4762576222307018,1.0
3905,-3.27043399013148,-0.34932416054829596,0.4182146543528775,1.0
3906,-3.0530158696829015,-0.8567110474132926,-0.015367003835633608,1.0
3907,-3.2619747765639295,-0.42307809439537614,0.31107951499245684,1.0
3908,-3.194327401848321,-0.3757057924633008,0.3350421421697336,1.0
3909,-3.2662562271738493,-0.2713626780779627,0.4359987838259289,1.0
3910,-3.2100583348510194,-0.4223576898400003,0.3478053813655126,1.0
3911,-0.05882319281078841,-0.5225852941409379,-0.49655923427471615,0.0
3912,-0.1102853913450363,-0.6563398728593954,-0.5849165716780046,0.0
3913,0.17827776993175123,-1.0015619993898175,-0.9839992458611457,0.0
3914,-0.04895622293533709,-0.563729736166355,-0.6477927775740195,0.0
3915,-0.022262490109467747,-0.7000578202699732,-0.8460464034931681,0.0
3916,-0.05375013394629088,-0.6133885405521009,-0.6948530686032016,0.0
3917,-0.036477662794161335,-0.5368945977899345,-0.5714829776097151,0.0
3918,-0.030896131127423263,-0.5758973891270684,-0.672964141931776,0.0
3919,-0.09611467640150866,-0.6398919583082204,-0.5919049583228768,0.0
3920,-0.04274870574712689,-0.4197188698767429,-0.5181883163823948,0.0
3921,2.1341561109012828,-1.124241384482005,-0.8912323817068103,0.0
3922,2.1588086144877345,-1.2657149435515485,-1.0966409763298461,0.0
3923,2.139119601056577,-1.2461025532669356,-0.9383580890073017,0.0
3924,2.054168504915042,-1.1673527559821641,-0.8266386952050443,0.0
3925,2.1684606126587043,-1.2848901082782584,-1.1039410149197426,0.0
3926,2.3266133794361696,-1.6485578349335304,-1.4858556514219055,0.0
3927,2.047014770276999,-1.2410516818688337,-1.1670531485781352,0.0
3928,2.116427318649371,-1.1438200012112718,-0.9405423427912887,0.0
3929,2.0729141790124332,-1.2366394169190191,-1.0028924995608033,0.0
3930,2.1106774465326708,-1.3232930125499522,-1.074771559170544,0.0
3931,-1.8720544326200341,-1.6507748082187856,1.1457389586927493,0.0
3932,-1.9255510593655707,-1.518384518015444,1.277266426365507,0.0
3933,-1.7992649490261388,-1.6219321169904801,1.175339720161227,0.0
3934,-1.814550557644165,-1.429949928619561,0.91249116836237,0.0
3935,-2.0635042754358306,-1.4432827891478812,0.8927668185280455,0.0
3936,-1.9173467695225703,-1.4521338203213203,1.3317684647433088,0.0
3937,-1.932670995282237,-1.5162501942101105,1.7942958283319406,0.0
3938,-1.7317402679553902,-1.896484156566297,0.9351299766416716,0.0
3939,-2.017249335513003,-1.6072996957253312,1.3520786886757339,0.0
3940,-1.8603564666263925,-1.548099900238764,1.185526906657036,0.0
3941,0.08205488376155792,-2.1963792989961544,-0.48905486075442267,0.0
3942,0.09397415731035703,-2.286790484834774,-0.446240390724949,0.0
3943,0.13364701785748123,-2.197371513181896,-0.32898165036945004,0.0
3944,0.08948791598483702,-2.1984186716699,-0.5173808360560466,0.0
3945,0.14398604575108884,-2.133229585419913,-0.2866861354392823,0.0
3946,0.13763032477215226,-2.2924620557044615,-0.6488938555615722,0.0
3947,0.12340066553392073,-2.1792079983928887,-0.3376053883238655,0.0
3948,0.14460951801541655,-2.160903792158479,-0.16496655613523775,0.0
3949,0.09735013395967085,-2.1842400868671885,-0.5463610442858694,0.0
3950,0.16400722344487975,-2.2209883972526256,-0.34137096906353287,0.0
3951,5.917410586430332,1.3175369389928981,1.1232300247590878,0.0
3952,5.883914904668337,1.3714730451346193,1.2269708017947498,0.0
3953,5.869815339221443,1.2424359520374202,1.0039064095747052,0.0
3954,5.8927149913291945,1.4415126536131952,1.2387871914239197,0.0
3955,5.851919296838285,1.275065136569456,0.9990894322996261,0.0
3956,5.947141517934437,1.2995201587695646,1.145657184483518,0.0
3957,5.853740913960705,1.3152184676213052,1.2059266085245668,0.0
3958,5.956087561264123,1.4511132006432572,1.1380057812620494,0.0
3959,6.088594201204748,0.8529529502092454,0.6292286715406868,0.0
3960,6.153416121647793,0.9281762175699322,0.7218929496382228,0.0
3961,0.7030748861224558,0.19945238958704484,0.5017918316410445,0.0
3962,0.6570898097714927,-0.03775153700262496,0.2478039898569333,0.0
3963,0.6569146659303742,0.09643674475012694,0.24930501737935623,0.0
3964,0.6228577374215389,-0.00043922098053824157,0.24651179332271234,0.0
3965,0.6480191938308035,0.34761563634699366,0.3188384614679757,0.0
3966,0.47381048098633916,0.20673477902209617,0.41162253141356403,0.0
3967,0.6980267580486959,-0.01411685674656027,0.1528304302127463,0.0
3968,0.6317160281105494,0.2230063626704714,0.1279517816623638,0.0
3969,0.7038681102789129,0.025207427675365594,0.217211414361094,0.0
3970,0.6728934839511407,-0.017853535310235535,-0.11226537303921957,0.0
3971,-2.40358229530301,-0.9791677551715146,0.618869755616609,0.0
3972,-2.3523475162947616,-1.1650051079354158,0.04566192783493401,0.0
3973,-2.4030103757355805,-1.219312023033469,0.31999202085770984,0.0
3974,-2.162074486371336,-1.6419976413546935,0.03638661221009982,0.0
3975,-2.499550946662566,-1.0617530150307586,0.15229137783257088,0.0
3976,-2.5149175674738125,-1.0819384322671077,0.3014914902839042,0.0
3977,-2.56141569836941,-1.1992452591405622,0.24694417012965403,0.0
3978,-2.470519531287431,-1.1076282609431873,0.6112923107897063,0.0
3979,-2.1263990306398513,-1.6610749380445915,-0.18927721144454843,0.0
3980,-2.427918367661692,-1.277195895908293,0.44206778571920385,0.0
3981,-4.019583289272055,0.5276392526917557,-1.0274865078792526,0.0
3982,-3.8863556534305466,0.33953935141397934,-1.2954383899742803,0.0
3983,-3.973965269573558,0.3753512644481228,-1.307994223758129,0.0
3984,-3.9528329337471106,0.589921852396322,-1.0551446216957245,0.0
3985,-4.0542540304922285,0.7448005961266321,-0.6022255456613601,0.0
3986,-4.182469713860129,0.6824915221540151,-0.8987499694795904,0.0
3987,-3.9692421401428315,0.5891929726679592,-0.9367526900327128,0.0
3988,-4.1608665195858,0.49924994937326894,-1.1076147322489347,0.0
3989,-4.252918713651063,0.6874155025455615,-0.9821780341266764,0.0
3990,-4.265782015949538,0.8905093200769543,-0.3624271239980205,0.0
3991,-1.3074453719127905,-1.4279910544059013,-0.8887359177447073,0.0
3992,-1.3464126964266037,-1.3999055955070847,-0.5245233023388842,0.0
3993,-1.3484520932281123,-1.4471094534607138,-0.8302218299403974,0.0
3994,-1.1877891809089036,-1.4930172729628903,-0.9031031095957253,0.0
3995,-1.3980728628413441,-1.148813066804312,-0.5071708561523238,0.0
3996,-1.383030589333644,-1.1823102351371089,-0.4516135024474223,0.0
3997,-1.389328910530494,-1.4079920809887034,-0.4336324637218864,0.0
3998,-1.3615857165991614,-1.4591456301618664,-0.5593988627722588,0.0
3999,-1.3442308492485904,-1.5226474687012783,-0.5024618170181472,0.0
4000,-1.3616434785291698,-1.3902026251221278,-0.47590487039555573,0.0
4001,-2.481821110503075,-0.19103131714789826,-0.27670644025776125,1.0
4002,-2.481478149402325,-0.04266908227991641,-0.03328422247296365,1.0
4003,-2.558724569620251,-0.1067169438876195,0.09496834125497029,1.0
4004,-2.6251415634379303,-0.27455428669896925,-0.1432449380561888,1.0
4005,-2.5757866318112477,-0.34515493882101783,-0.03980627733413881,1.0
4006,-2.531738891357518,-0.12747574918337623,0.2115203541805594,1.0
4007,-2.512814114008322,-0.10914725270281445,0.3347940996137205,1.0
4008,-2.530734255234855,-0.25112845407488094,0.27358070080975944,1.0
4009,-2.5670190939830015,-0.3046869588604485,0.24531513590755136,1.0
4010,-2.6111791406510982,-0.28143200382296596,0.47218921067818714,1.0
4011,-2.6373803452249804,-0.6759524136551666,0.8018248194923573,0.0
4012,-2.767475181662852,-0.8382242984587924,1.054463922968842,0.0
4013,-2.6907593405082597,-0.8029284825551161,1.1663894771281922,0.0
4014,-2.7931030237868835,-0.571916327715007,0.9168344535774153,0.0
4015,-2.7957859354416654,-0.5556464356482755,0.6356971917636193,0.0
4016,-3.001337545013578,-0.27142130115892077,1.102795961717787,0.0
4017,-2.965064710450108,-0.41041839158838384,1.2973479017072695,0.0
4018,-2.990579780672601,-0.5647281247487969,0.8726945670644549,0.0
4019,-2.8829358416946893,-0.4612576587520728,0.9937299701212526,0.0
4020,-2.7666688797725714,-0.5402704392325063,0.5835917136207119,0.0
4021,-3.370522731656384,1.3237413722193088,-0.031735984578505405,0.0
4022,-3.179273788211196,1.4162078706010721,-0.9127776404187757,0.0
4023,-3.520907908385416,1.252109530187617,-0.9826511610803077,0.0
4024,-3.4192203770838874,1.0659428051416104,-1.3952233621523131,0.0
4025,-3.5867019814877397,1.4283505062661668,-1.089130977367551,0.0
4026,-3.5771165968635685,0.9589902920056018,0.038438648379311845,0.0
4027,-3.4194546890478437,0.8544136299063423,-0.6197764862771096,0.0
4028,-3.5788449117848864,1.2708144943873323,-0.45402963649531203,0.0
4029,-3.42148639902691,1.4124198428186574,-0.7197866883296158,0.0
4030,-3.1738852095921146,1.4034965533691328,-1.8615542321197802,0.0
4031,4.050817392016972,0.1083788799263057,-0.2814613904077812,1.0
4032,4.137722633604204,0.2222157489414312,-0.20052098580672842,1.0
4033,4.09505990165336,0.15739731560645365,-0.2896380761410604,1.0
4034,4.089737892682019,0.1768603358187671,-0.23451100224445565,1.0
4035,4.153643434817454,0.22408295248156626,-0.22269530524800907,1.0
4036,4.08385056674949,0.0971448218203442,-0.4214403659612436,1.0
4037,4.064626751493856,0.4011814261315622,-0.1701202842692425,1.0
4038,4.092902261345846,0.1633785467464642,-0.35549324906100027,1.0
4039,4.096128577959382,0.12009560341451087,-0.4036483757581764,1.0
4040,4.13342629492259,0.2605189296468186,-0.26995390508104933,1.0
4041,5.293826578205254,-0.98954315774374,0.7315011129419081,1.0
4042,5.301551836948113,-1.1258692212192738,0.3971380329860127,1.0
4043,5.393958128663024,-1.1868255169922908,0.5443084819515905,1.0
4044,5.365149517529224,-1.1270362462531738,0.4193961294095026,1.0
4045,5.38145248720686,-1.0742871334188733,0.727008173802912,1.0
4046,5.416559025008579,-0.9375901915663996,0.6802935685452911,1.0
4047,5.377130772515292,-1.1170909002293656,0.41415701103054664,1.0
4048,5.58241215487116,-1.5380374587951549,0.16959900869243003,1.0
4049,5.391994033553636,-1.0697477538919618,0.7076175777901001,1.0
4050,5.454749733522013,-1.0052947281705982,0.6030857261056476,1.0
4051,6.430745209695463,1.1257595261095716,2.2482057269563307,1.0
4052,6.439099839457487,1.0264099176815278,2.1051108991453353,1.0
4053,6.4974571197719815,1.0282373490923105,2.0657076240590206,1.0
4054,6.465638555878792,1.0085253471703266,2.268537912132308,1.0
4055,6.455646943662579,1.0366692233151737,2.2246132701678083,1.0
4056,6.519728977141277,0.9972540152653753,2.1055114328025755,1.0
4057,6.523474903225499,1.2134218636775695,2.433509494315021,1.0
4058,6.464837455189868,1.0171843807791567,2.3717799008014087,1.0
4059,6.487041516987048,1.2152142117512046,2.3005438372285925,1.0
4060,6.523888436512745,1.039663944912243,2.3486950688521784,1.0
4061,4.51897947167808,-0.5770344760939498,0.5416408627660925,1.0
4062,4.670591008503463,-0.6951245908973306,1.4648290569271116,1.0
4063,4.705852980388705,-0.5706882575855265,1.4891921831249568,1.0
4064,4.71029672931284,-0.49182644627680167,1.5453558168815362,1.0
4065,4.713758644457517,-0.7368064828044859,1.374596922394383,1.0
4066,4.733938957656115,-0.625651432687089,1.4370855140466667,1.0
4067,4.632399067432219,-0.4624960564736816,1.6119718251298418,1.0
4068,4.72033832735054,-0.6056429338559717,1.5369423585775082,1.0
4069,4.623408693641247,-0.5767787848611949,1.6116456281114322,1.0
4070,4.9220109139506265,-1.140508338788563,0.9442393390253563,1.0
4071,0.13589898621302476,-1.8800316208375933,-0.3018406118933254,0.0
4072,0.050221757885277114,-1.8783394955984603,-0.28370217073073295,0.0
4073,0.03406249349373983,-1.9120834811842968,-0.2389244511450302,0.0
4074,0.14018597818766407,-1.893379475506201,-0.0036737991526730363,0.0
4075,0.09962798151725753,-1.704855610861447,0.3125455655960048,0.0
4076,0.09183522636507982,-1.8914558392716079,-0.08287577020218798,0.0
4077,0.07254138074500124,-1.8693847433286332,0.04566987818773252,0.0
4078,-0.050037075573878646,-1.8434519919277137,0.036189452084878025,0.0
4079,0.01852074350982695,-1.7532280175374384,0.24428836037683382,0.0
4080,0.06431376223829895,-2.045182125610442,-0.11546583924953031,0.0
4081,3.450228385553777,-0.06679860952928308,-0.3148992518624837,0.0
4082,3.500854463106404,-0.06877070502368134,-0.5874867483762747,0.0
4083,3.770778533140046,-0.40481592918551923,-0.8632832516593629,0.0
4084,3.48370040650231,-0.022895495531223987,-0.4375254329889768,0.0
4085,3.570816245560138,-0.1116635993741139,-0.5150071201962981,0.0
4086,3.564227508614867,-0.13326601518104264,-0.6607819567774574,0.0
4087,3.5154392360604523,-0.011789143711224928,-0.5781298569657545,0.0
4088,3.490907311637818,-0.01667922683623968,-0.29115793523797395,0.0
4089,3.5220027060728527,-0.028790825019696934,-0.6070604073367178,0.0
4090,3.5576269101043723,0.13260729834911275,-0.424007860181955,0.0
4091,-1.319253955472397,-2.4431931956693367,0.09108606521744601,0.0
4092,-1.6188735219345516,-2.0082842657833946,0.7711427361141663,0.0
4093,-1.6277209304674072,-1.9587974470927032,0.6632227954278772,0.0
4094,-1.6180576053142224,-1.9956766384200484,0.436235735210805,0.0
4095,-1.6242653388517252,-2.048640563909316,0.49315366622492723,0.0
4096,-1.5830866119488238,-2.1322613932364995,0.511835645008122,0.0
4097,-1.526954623465551,-1.932569883149516,0.8746497718698809,0.0
4098,-1.53631124594663,-1.8913274751016513,0.6837976824398471,0.0
4099,-1.5817713067575794,-2.0596909937451757,0.43354439224018343,0.0
4100,-1.5630819444595039,-1.9290638551462993,0.44321125012907664,0.0
4101,-2.9403742658291976,-1.339371223702163,0.20649346581190825,0.0
4102,-3.0180372118550642,-1.3861327663005674,0.0928397815954318,0.0
4103,-3.001435197956964,-1.4163747838014389,0.24867788153127296,0.0
4104,-2.997441652365284,-1.288315829638141,0.36891603779697957,0.0
4105,-2.988275372697115,-1.30230190942845,0.3562319283058907,0.0
4106,-3.024152679697136,-1.2718644240374308,0.45124648630462383,0.0
4107,-3.020747276532302,-1.425664212977806,0.31522179555122737,0.0
4108,-2.9743720660918624,-1.4006126951160338,0.28443146658585894,0.0
4109,-2.892625644738554,-1.4263013148605586,-0.01342690961563964,0.0
4110,-3.000558461827934,-1.2638742406788828,0.3888355118880415,0.0
4111,2.8552475635815964,-0.7829806751702445,0.16420673306528905,0.0
4112,2.80314515718439,-0.7827356619680786,-0.001341408015840607,0.0
4113,2.837153757695715,-1.0077188892619637,-0.267304053809411,0.0
4114,2.904237151191417,-0.8691122293386824,-0.13184034477079654,0.0
4115,2.911939540583409,-0.9872171740411207,-0.13205576786447254,0.0
4116,2.8608836293085704,-0.8126600838353196,-0.11057303118874807,0.0
4117,2.860205564761275,-0.9109798360910474,-0.12587449054618777,0.0
4118,2.8948867988289595,-0.8888661596597917,-0.17371866549235374,0.0
4119,2.918547092828285,-0.8517016918719378,-0.10265761543551667,0.0
4120,2.8984611013231207,-0.7767350077166368,-0.05767621533785097,0.0
4121,-1.6188369566145566,-2.7307085763268333,-0.6438785259228068,1.0
4122,-1.639621393586169,-2.821147511747642,-0.8661796613678364,1.0
4123,-1.5605435220444746,-2.841384629641052,-0.8853569686830968,1.0
4124,-1.5181504220910007,-2.848013225208225,-0.9995085711474819,1.0
4125,-1.6814773189527576,-2.8521268237795048,-0.541016039078467,1.0
4126,-1.599872652250348,-2.8520489142147394,-0.8175472781783736,1.0
4127,-1.724232205783219,-2.6738994578888593,-0.5930151504640342,1.0
4128,-1.6296221912759181,-2.836254175160584,-0.7594567247239715,1.0
4129,-1.6344498560809542,-2.8167157149591078,-0.7247291434029992,1.0
4130,-1.6840499588564535,-2.698652884507521,-0.6654663802476241,1.0
4131,1.0838695166312458,-0.9235532043362125,0.3474417780411705,0.0
4132,1.1003987149201797,-0.791269449194299,0.3816073775511188,0.0
4133,1.1112690150351368,-0.9996642672569912,0.19224073367880076,0.0
4134,1.087365651369152,-0.9236331206420749,-0.023993286890558768,0.0
4135,1.1171795725797151,-0.9453771554547606,0.2585411351557101,0.0
4136,1.1741774517121766,-0.8068628959526419,0.2933121515241103,0.0
4137,1.1461080577975817,-0.9839875448649068,0.13942509808690162,0.0
4138,1.1539486971211252,-1.1098686621623697,0.1257153440820212,0.0
4139,1.3638842443059052,-1.3946265052576872,-0.24951319700779115,0.0
4140,1.1232263043682875,-0.7660007527071699,0.3154024767171314,0.0
4141,7.52550920203468,1.4655169871306362,1.250045448162061,1.0
4142,7.396367456946256,1.3725880333141554,1.070655692914475,1.0
4143,7.425614033477424,1.4599460045449533,1.1676220964394597,1.0
4144,7.508927348277032,1.5111288719572118,1.4966931343293877,1.0
4145,7.484474853277231,1.6297445539394346,1.4299599242421484,1.0
4146,7.5100035593094185,1.4159330986831848,1.3043387153855965,1.0
4147,7.503144895917471,1.438839762244819,1.4038795938808302,1.0
4148,7.537605438174513,1.4542808686285569,1.2299123092118962,1.0
4149,7.515731923997685,1.4502738036005163,1.4250783184426226,1.0
4150,7.491126504126258,1.5702864351099908,1.4114258388105196,1.0
4151,-1.580554017414974,-1.4855840060242498,0.5640796227261908,0.0
4152,-1.4868403356277808,-1.6169441969980434,0.3744772126136634,0.0
4153,-1.6437516988804681,-1.4939331265332105,0.7236406280312582,0.0
4154,-1.6268288171063499,-1.4475497692744164,0.5008158579354394,0.0
4155,-1.5781738952652078,-1.4456066370331746,0.629591380295546,0.0
4156,-1.6351573415652205,-1.448888696267829,0.8065836555962812,0.0
4157,-1.5190381043331218,-1.4455554981188399,0.7033852583629608,0.0
4158,-1.4752711158114966,-1.5245348282683646,0.6001278014361852,0.0
4159,-1.5412244988399482,-1.4320453902969934,0.7085717450527349,0.0
4160,-1.5221255123440551,-1.5314226615406255,0.690266038577729,0.0
4161,1.5817204716885878,0.019996685387728037,0.2792757032141311,1.0
4162,1.791703790760501,-0.14501666221385487,-0.007337981803755797,1.0
4163,1.6437380357733715,0.04528672660083215,0.07027950502104535,1.0
4164,1.6759567242517788,-0.09386075395706067,-0.02434611200312609,1.0
4165,1.7758611031888263,0.014572811133210649,0.13816099219193764,1.0
4166,1.576602547184799,0.09117577388128192,0.2399894142083324,1.0
4167,1.6299297141553777,-0.014154430412537061,0.04930842003791716,1.0
4168,1.5978543661589408,-0.028069613756212492,0.08387010729312716,1.0
4169,1.6415145399886828,-0.00023224752238746143,-0.19812412964900922,1.0
4170,1.7192030679879462,-0.02839365224744269,0.13396573563724518,1.0
4171,-0.6756330184833791,-0.41974910545331245,-0.7137145860638859,0.0
4172,-0.5830534406966025,-0.3761976735778526,-0.8218223638745272,0.0
4173,-0.6234344708914616,-0.6386976449449493,-1.0089898193548978,0.0
4174,-0.6499230794720374,-0.48313401574211373,-1.031082979283355,0.0
4175,-0.618852145353279,-0.5076854456834387,-1.1594733734268137,0.0
4176,-0.6669614916075893,-0.5420820214404863,-0.7235054042714123,0.0
4177,-0.6439139771823421,-0.5737918147740558,-0.9223223971666472,0.0
4178,-0.6259403386611402,-0.5689422339551321,-0.9268432373634302,0.0
4179,-0.6577522849757078,-0.621202240060973,-1.1115561148829982,0.0
4180,-0.6693888934174828,-0.4597711395566152,-0.7465844577652805,0.0
4181,1.9623424588970477,-0.06316482130407394,0.4793725647402741,0.0
4182,1.9538062320919403,-0.28727949762098376,0.3716538867137951,0.0
4183,1.9822649967271386,-0.22242982251938073,0.41853809692203925,0.0
4184,1.9616235416376915,-0.10056528949112718,0.5256716873717804,0.0
4185,1.970836846964878,-0.28336477775281194,0.3294947200572299,0.0
4186,1.9652528032467278,-0.28521948002492387,0.19772852922710207,0.0
4187,1.9775454383245796,-0.21183975360115073,0.44586937181164443,0.0
4188,1.9191469621741364,-0.05283888913890403,0.6074787412211784,0.0
4189,1.986309006977414,-0.2579267526480921,0.3277010437784908,0.0
4190,1.927615115162704,-0.2733352456336334,0.22711419623064413,0.0
4191,1.5469700596424896,-0.523688577682787,0.015502152426999611,0.0
4192,1.537945959634134,-0.39743067988819825,0.2686093413502178,0.0
4193,1.5877573503559708,-0.4956597469647721,-0.1843116616906007,0.0
4194,1.5837248616044268,-0.5895760814085522,-0.27346170304455186,0.0
4195,1.6521727166292446,-0.6052756312013969,-0.35770752393131766,0.0
4196,1.5606431345037786,-0.35625794492857155,-0.050189215555987876,0.0
4197,1.6016313587836495,-0.48579519033665003,-0.14972103630453515,0.0
4198,1.7259900209393573,-0.6011636004868551,0.2337363730515817,0.0
4199,1.6897022701865436,-0.5960428359830107,-0.048070988406356964,0.0
4200,1.5594972493542212,-0.45463121102964443,0.1166850618214534,0.0
4201,4.562071950024059,1.150372797320476,0.38637676797995274,1.0
4202,4.672651821696693,0.905190674255957,0.007532541428127115,1.0
4203,4.683083093046563,1.0293081831552497,-0.002333120807251141,1.0
4204,4.740537350736897,0.856729169949916,0.046869239822569825,1.0
4205,4.647978689206757,0.8815463513796484,0.022783093586410594,1.0
4206,4.7408430181874,0.9889573510507402,-0.0003487745431211471,1.0
4207,4.776497404584945,1.0997113142495356,0.29767336586198034,1.0
4208,4.683345221405397,1.1220438922581772,0.19084567396956048,1.0
4209,4.6635689405216185,0.9628107708498332,-0.07525090163678677,1.0
4210,4.74735639341441,1.1741085703810843,0.1319860567369175,1.0
4211,-4.078779641908287,1.3203205363334214,0.23752634565381192,1.0
4212,-4.073879236728367,1.1312149232445783,-0.04357761114077213,1.0
4213,-4.023658664150014,1.2322346944783624,0.3289987391066537,1.0
4214,-4.000995963333011,1.0637666945655722,0.23428571686968533,1.0
4215,-3.990045654478361,1.118428168611352,0.10055230987840304,1.0
4216,-4.035039432952401,1.0744594845207742,0.13800458463162144,1.0
4217,-4.096031873195303,1.0965395789310808,-0.04229074843356154,1.0
4218,-4.026485038996533,1.0220016346093765,0.12501034389019355,1.0
4219,-4.0506887790979835,1.1502303632245658,0.22896148484576354,1.0
4220,-3.993578686013875,1.2119531565811614,0.2615940299216033,1.0
4221,-0.8207528896657244,-2.239683299394505,0.1598864796809095,0.0
4222,-0.8307165087849752,-2.296185173986481,0.7735930772737581,0.0
4223,-0.7182740808381267,-2.2502213976297636,-0.08247795978150792,0.0
4224,0.19546083241347126,-3.1732280585566492,-0.4656519076297159,0.0
4225,-0.46732090689621464,-2.681679720748762,-0.31621010783119274,0.0
4226,-0.7303343597606586,-2.117250830235075,0.15316382114465,0.0
4227,-0.8419019112644817,-2.4077282860206197,-0.014265110392083936,0.0
4228,-0.7965881418572499,-2.3467486499377923,0.025928910674318018,0.0
4229,-0.658541288294119,-2.155856646408437,0.2206292471193697,0.0
4230,-0.7655300774042847,-2.322062534556655,0.12641927548538479,0.0
4231,2.5320491272539245,0.316624495954414,-0.19645299621278925,0.0
4232,2.4825178617840584,0.4120919894310304,0.006469094673204053,0.0
4233,2.4885530344463964,0.33203436712542794,-0.21684354631407388,0.0
4234,2.538550973814408,0.325467154172836,-0.05638766419819218,0.0
4235,2.5657824660440753,0.194162677762041,-0.2719889587535721,0.0
4236,2.502695954874771,0.29024977047600414,-0.15077529981737225,0.0
4237,2.4850222905472683,0.4036610671065095,-0.014748128533374481,0.0
4238,2.5388100911330427,0.36390295380289484,-0.12025276885450108,0.0
4239,2.5327541836850536,0.3790107895649382,-0.3065870021899062,0.0
4240,2.5471682444617527,0.3815003579375059,-0.22082826162686833,0.0
4241,5.105819179490638,2.2864872701732106,0.0067226389991900766,1.0
4242,4.992450833259313,2.0937293137441335,-0.2397949303910501,1.0
4243,5.108542663371145,1.9586490104544905,-0.24861613336145943,1.0
4244,5.068605753993483,2.170889249103229,-0.19141158100146424,1.0
4245,5.072613599094051,2.1257583816128345,-0.13493177703226086,1.0
4246,5.048759417608807,2.2389088192596804,-0.04449948694053174,1.0
4247,5.16105734067685,2.22990890074079,-0.04940071599752408,1.0
4248,5.015381364204987,2.062366589053134,-0.30634936047587014,1.0
4249,5.0286069259479955,2.200769024169874,-0.14919440587600338,1.0
4250,5.079648528516117,2.1390055672258423,-0.11700543313412831,1.0
